2 0.3313443115492441 0.5956925964911659 0.30118714212177855 0.5890428259290046 0.2835070199871477 0.5516234144749188 0.25908384653125965 0.4874183592539961 0.2605188118272063 0.46370093802166307 0.2715608938240944 0.4566487183620717 0.2661944369948174 0.4523030473068929 0.22668094840077813 0.45940190734603215 0.23956044479104288 0.4698315178784614 0.2410886908460855 0.5030569098404307 0.23443892028392427 0.5332140792678962 0.2177737187111824 0.5428211959688376 0.2265642067928452 0.5517166952340149 0.22901409265068082 0.5750258021567087 0.20733824296654402 0.5930150926296737 0.20549496336095804 0.6128476627082244 0.20671990628987585 0.6245022161695715 0.21336381163982784 0.6316594470126772 0.21550452915932944 0.67071211570532 0.23467212218166417 0.6755711122536525 0.2726514995084516 0.6725612605231153 0.33291919798383474 0.6573893950502865 0.3369615659128887 0.6304520997203871 0.3313443115492441 0.5956925964911659
2 0.18111256507240875 0.6144284143550244 0.20099764074271684 0.6074287002871903 0.2002860233069527 0.5819730106327856 0.1921080066897488 0.5789047880982818 0.1892498065222739 0.5517108300218057 0.1377318209612148 0.509992387892089 0.1336486778648221 0.47114387635426586 0.14060175155310822 0.46255754542742267 0.10027163433979036 0.4618867031589973 0.0939835377077204 0.4674573171430939 0.10430813705663514 0.47226380809966917 0.10767379750505449 0.522971030253659 0.08282471410289947 0.5668243246906679 0.08292386007420467 0.5864527376143991 0.06022722461596961 0.5947299002029082 0.06798519649911576 0.6685420721247721 0.07979140152352515 0.6781025484461656 0.11751411610373572 0.6819932648121572 0.1669438897370505 0.6758160445758109 0.17430527773497584 0.67111456480275 0.16827970906169196 0.6324702104197465 0.18111256507240875 0.6144284143550244
2 0.5225770175078226 0.5372975036824148 0.5016711560634164 0.5345850898657931 0.46538927199136176 0.4696625519968971 0.4562954807835742 0.4391962142310975 0.4727565252014963 0.42764667195326495 0.43631125914196084 0.4265675153752004 0.4317614309319624 0.4299915466275862 0.444897590068804 0.4335205890634864 0.45281894393943106 0.44348937969451907 0.41681690214466427 0.5493952814085306 0.3969318264743562 0.5563949954763647 0.39279031257399705 0.5637038778825328 0.39789424144448793 0.6122645173048118 0.4419050526567685 0.6105846196867066 0.4549887062018529 0.622956655796027 0.4791669473355825 0.619433478572336 0.5383613544451104 0.6033924788884715 0.5324407969553409 0.5470621371586278 0.5225770175078226 0.5372975036824148
2 0.9900248740579574 0.5657401468547718 0.9805694089200785 0.5598603645323411 0.9628834215732383 0.5597553533488266 0.9573128075891416 0.5534672567167567 0.9229792143061875 0.45102616142246976 0.9269690766434842 0.43293185976599047 0.9358645759086615 0.4241413716843276 0.9054507437346191 0.42439216921869516 0.9009009155246208 0.42781620047108104 0.9094872464514637 0.4347692741593671 0.9132670864217317 0.4520469471965679 0.9002767136357432 0.4966177242815502 0.8836115120630014 0.5062248409824914 0.8930144716091231 0.5209476169783422 0.8909670348487173 0.538837761480002 0.8575316205197192 0.5757379822287246 0.8626414146024194 0.5869842213804324 0.8618189207709316 0.616528919343439 0.8826197710318233 0.6369273205069008 0.9462589951678352 0.6351482769174905 0.9901181548170532 0.6226829600490743 0.9936997028447108 0.6007038072388127 0.9900248740579574 0.5657401468547718
2 0.4852978085105068 0.3134052368467779 0.4639311271647041 0.3156509655497939 0.4590254902368236 0.30634715197497736 0.45595726770231976 0.31452516859218127 0.44430271424097284 0.3157501115210991 0.4372504945813816 0.30470802952421105 0.43964200963525063 0.37417453039089626 0.44889331761831 0.3781118871364358 0.48687269494509744 0.3751020354058985 0.4924958145209513 0.3725471383645485 0.4906642653397838 0.31775090790195676 0.4852978085105068 0.3134052368467779
2 0.2084000852261069 0.3415264186201304 0.201499517129578 0.34126975587355357 0.20032121458020816 0.35808660900935785 0.18528927024602337 0.3832331303254285 0.1862050448366071 0.41063124555672437 0.19157150166588405 0.4149769166119032 0.23323157299163416 0.4096163249948354 0.2295567442048807 0.37465266461079455 0.21217992519637469 0.3588040916573312 0.2084000852261069 0.3415264186201304
2 0.1849859671198985 0.36166229182480614 0.1743055590531018 0.3441279560410285 0.16852492270197628 0.3732118341026386 0.1563570437474756 0.38823791322461415 0.15543540394468264 0.3981541982638896 0.15926774950670772 0.4065888776276704 0.17588044548769238 0.4058247546001491 0.1851842590625089 0.40091911767226857 0.18641506720363593 0.3752592708630442 0.1849859671198985 0.36166229182480614
2 0.5829731880155572 0.3551820497804609 0.5810832680304232 0.34654321326186055 0.5692245574142566 0.34582573061388716 0.5561875442487202 0.3619251011017181 0.5540350963048002 0.39750123295021794 0.569113681018533 0.40082611823129854 0.5991191988829361 0.3966904695431486 0.60218742141744 0.3885124529259447 0.5975909528278935 0.3634650775811793 0.5829731880155572 0.3551820497804609
2 0.6595502793458001 0.31767522277948845 0.6498906570531016 0.3098530148801666 0.6419634379702653 0.3371986245197053 0.630203873325404 0.3561095547954632 0.6311196479159877 0.38350767002675895 0.6740571677624129 0.38095863819761816 0.6739580217911075 0.3613302252738869 0.6613876937391769 0.33515705297150883 0.6595502793458001 0.31767522277948845
1 0.3707879802330244 0.38239332217543887 0.3805001081174802 0.3813725364013407 0.38310751075058747 0.37815266230377453 0.37841776140194505 0.29616247376470656 0.3589935056330335 0.298204045312903 0.35745939436578167 0.3022930536215049 0.3675681061354582 0.37978591954233165 0.3707879802330244 0.38239332217543887
1 0.5326217745794495 0.3712755550560827 0.5352291772125567 0.36805568095851643 0.5340100994958481 0.3190867272265982 0.5315602136380125 0.2957776203039043 0.5277278680759875 0.2873429409401235 0.5249163082880606 0.28862038946079854 0.5203139744863049 0.3008874143866045 0.5202089633027904 0.31857340173344445 0.5235746237512098 0.36928062388743427 0.526794497848776 0.37188802652054154 0.5326217745794495 0.3712755550560827
0 0.21377212594946715 0.6355442981664595 0.20074097799613994 0.6143292683837192 0.1758977598061942 0.6208681625501568 0.16715391210407932 0.6404440698821308 0.1758393890022277 0.6670255564941481 0.18529485414010666 0.6729053388165788 0.198022698967309 0.6725495300986967 0.21100720654108818 0.6652931532842857 0.21499706887838493 0.6471988516278064 0.21377212594946715 0.6355442981664595