2 0.3463034925081858 0.6182336578764196 0.3155143413907282 0.6158456692096521 0.2927985054611865 0.5812510183183976 0.2596774000180759 0.5210698510664702 0.2577975732707242 0.49738353757719034 0.2677507152059918 0.4888631888419832 0.26183168384917704 0.4853066759968841 0.22369070817484418 0.4978356651554918 0.23789638343119962 0.50637129598373 0.2440338375306495 0.5390606499725809 0.24164584886388202 0.5698498010900385 0.22647988410980918 0.5816827697726575 0.23642283798305588 0.5892682991651992 0.24209288241117308 0.6120096052497928 0.22313160594532425 0.6328405204009725 0.22406642528798965 0.6527366162094868 0.22690144750204824 0.6641072692517835 0.2344767888325691 0.6702701935062855 0.24203175403904828 0.7086448740162847 0.2616890509808858 0.7107889697853651 0.29887992521952206 0.7025227020098661 0.35644958703103646 0.6791108456043358 0.3567036679907444 0.651873113300967 0.3463034925081858 0.6182336578764196
2 0.200141312932033 0.6576953580685841 0.2188586965001947 0.6479962970930245 0.21461125721011723 0.622887378465705 0.20608581444389978 0.6209871755943117 0.19947076261109636 0.5944556518289525 0.1426480615856746 0.5603131285159996 0.1331979875388126 0.5224109517083434 0.13888840809097142 0.5129405015374398 0.09885741760726616 0.5178890553345163 0.09340579592178407 0.5242805903936743 0.10429885123072742 0.5276033984031072 0.11468883865126522 0.5773487319554033 0.09618478379472822 0.6242335731385886 0.09901471197777646 0.6436571652447598 0.0776909170002121 0.6550125361940256 0.09564605768924994 0.7270266721285721 0.10866792667424244 0.7348510003877904 0.14656500945088816 0.7334538654048027 0.19465403302947815 0.7204574665748622 0.20128946098632317 0.7147772340847243 0.18994427809907832 0.6773475609794113 0.200141312932033 0.6576953580685841
2 0.5275481087709673 0.5337924134034732 0.5064682066910902 0.5340159301771188 0.46150394450333954 0.47477467629886705 0.4482585587447015 0.44587044595977154 0.4629520197964312 0.4321423684367695 0.4267112469934915 0.4361459148291599 0.4226822304460492 0.4401698373455919 0.4361816971643952 0.4418363353813188 0.4454133484686221 0.4506056710452233 0.424500928821276 0.5604914196013636 0.4057835452531142 0.5701904805769231 0.402699536110358 0.5780046207741207 0.41451212866893555 0.625382341783691 0.4578608331310634 0.6175936717415453 0.4725390120897619 0.6280244114101664 0.49599162074337544 0.6211705607106863 0.552377476283527 0.597047401736136 0.5386748689155769 0.5420892453650347 0.5275481087709673 0.5337924134034732
2 0.9842234930241298 0.49239547271365475 0.9666950097583413 0.4947528971943599 0.9603034746991836 0.4893012755088778 0.9120469686880626 0.39263544255632354 0.9134797618881232 0.374161951885849 0.9210652912806646 0.3642189980126022 0.8909823487012165 0.3687001421383461 0.8869533321537743 0.3727240646547781 0.8964237823246778 0.3784144852069369 0.9025714244861485 0.394997961068039 0.8959105263742515 0.44094288887754873 0.8807445616201786 0.4527758575601678 0.8921050266004545 0.46604671347385784 0.892567342240777 0.4840477004419893 0.8645928372133362 0.5252421210730159 0.8712180771081606 0.5356677667106265 0.8745154149625414 0.5650394067210549 0.8979527415231237 0.5823443732131977 0.9607250380914228 0.5717257749880039 1 0.5543495413404015 1 0.5193414206118044 0.9944052457640533 0.4969020869944506 0.9842234930241298 0.49239547271365475
2 0.45947191741648796 0.31726731383546947 0.4386257201722771 0.3224648545612436 0.4324729839797959 0.3139343177640158 0.43057278110840275 0.3224597605302332 0.4192021280661059 0.32529478274429174 0.41068177933089894 0.31534164080902427 0.42271788866312193 0.3837992638984716 0.43242713770070235 0.38641076933888463 0.4696180119393386 0.3781445015633856 0.4748308347581439 0.3748318816159735 0.46539094877330267 0.3208238266805687 0.45947191741648796 0.31726731383546947
2 0.1891826558107666 0.38365153699916993 0.1823135230182552 0.38435774553717944 0.18348714122759735 0.4011749262339479 0.1721012060922693 0.42816876563962947 0.1768211490846899 0.45517279310733183 0.1827401804415047 0.45872930595243117 0.2232487686585635 0.4476229219318631 0.21474370201638768 0.41351096280497257 0.19533029797223728 0.40023501286027213 0.1891826558107666 0.38365153699916993
2 0.16879877420687803 0.40685006469307544 0.15578199925289596 0.39097279736998286 0.15410531315514828 0.4205781422160775 0.14414707718887035 0.4371514300151588 0.144614486860203 0.4470994779194159 0.1495834167813212 0.45491871214762397 0.1659280937757466 0.451849985097899 0.17445863057297442 0.4456972489054178 0.17210630012327974 0.42011582657575514 0.16879877420687803 0.40685006469307544
2 0.5620109354467634 0.34504377224431654 0.558937114366028 0.33675203431376544 0.5470939576213881 0.33769194768744126 0.5364244190860903 0.35544904175788555 0.5392441592071177 0.3909785119918054 0.5546387347658465 0.39217250632518913 0.5837766699406084 0.3839011445186796 0.5856768728120016 0.3753757017524622 0.5776392158411585 0.35121179052982876 0.5620109354467634 0.34504377224431654
2 0.6326228423673119 0.2972444878425073 0.6219685859250454 0.29084276472132864 0.6179242872845718 0.31902550442938354 0.60891105872298 0.3393890099092306 0.6136310017154006 0.36639303737693296 0.6557958999061654 0.3578930647657675 0.6529659717231173 0.33846947265959626 0.6368753756883998 0.3143004674059525 0.6326228423673119 0.2972444878425073
1 0.35567777668070394 0.4015206997518431 0.365153320882618 0.3991581812401276 0.3672872285896775 0.39560676242603876 0.35123229077203294 0.31506718372527465 0.3322812023682048 0.31979222074870567 0.3313311009325082 0.3240549421318144 0.35212635786661506 0.3993867920447835 0.35567777668070394 0.4015206997518431
1 0.5143893215395061 0.3679882189785141 0.5165232292465656 0.36443680016442526 0.5085008543687537 0.3161140717501689 0.5028308099406364 0.29337276566557524 0.49786188001951837 0.2855535314373673 0.49525546861011566 0.28720984141107336 0.4924051643030259 0.2999980055603995 0.49476258878373097 0.31752648882618784 0.5051525762042688 0.3672718223784838 0.5087039950183577 0.36940573008554345 0.5143893215395061 0.3679882189785141
0 0.23542179623725526 0.6740604111870511 0.21956490503820417 0.6548654298855359 0.19587349751791389 0.6647981956967618 0.18993918406806795 0.6854005000432857 0.20223956242201976 0.7105145127016155 0.21242131516194326 0.7150211269824114 0.22497577447560305 0.7128974073373726 0.23682402525125337 0.7039045548998224 0.2382568184513139 0.6854310642293479 0.23542179623725526 0.6740604111870511