2 0.3173828125 0.6390625 0.32421875 0.6126953125 0.322265625 0.5775390625 0.29296875 0.5677734375 0.279296875 0.5287109375 0.26171875 0.4623046875 0.265625 0.4388671875 0.27734375 0.4330078125 0.2724609375 0.428125 0.232421875 0.4310546875 0.244140625 0.4427734375 0.2421875 0.4759765625 0.232421875 0.5052734375 0.21484375 0.5130859375 0.22265625 0.5228515625 0.22265625 0.5462890625 0.19921875 0.5619140625 0.1953125 0.5814453125 0.1953125 0.5931640625 0.201171875 0.6009765625 0.19921875 0.6400390625 0.2177734375 0.646875 0.255859375 0.6478515625 0.3173828125 0.6390625
2 0.158203125 0.6361328125 0.15625 0.5970703125 0.1708984375 0.58046875 0.19140625 0.5755859375 0.193359375 0.5501953125 0.185546875 0.5462890625 0.185546875 0.5189453125 0.138671875 0.4720703125 0.138671875 0.4330078125 0.146484375 0.4251953125 0.1064453125 0.4203125 0.099609375 0.4251953125 0.109375 0.4310546875 0.107421875 0.4818359375 0.078125 0.5228515625 0.076171875 0.5423828125 0.052734375 0.5482421875 0.052734375 0.6224609375 0.0634765625 0.633203125 0.1005859375 0.641015625 0.150390625 0.6400390625 0.158203125 0.6361328125
2 0.52734375 0.6068359375 0.52734375 0.5501953125 0.5185546875 0.539453125 0.498046875 0.5345703125 0.46875 0.4662109375 0.462890625 0.4349609375 0.48046875 0.4251953125 0.4443359375 0.4203125 0.439453125 0.4232421875 0.4521484375 0.428125 0.458984375 0.4388671875 0.412109375 0.5404296875 0.3916015625 0.5453125 0.38671875 0.5521484375 0.38671875 0.6009765625 0.4306640625 0.60390625 0.4423828125 0.617578125 0.466796875 0.6166015625 0.52734375 0.6068359375
2 0.974609375 0.6732421875 0.98046875 0.6517578125 0.98046875 0.6166015625 0.9716796875 0.609765625 0.9541015625 0.6078125 0.94921875 0.6009765625 0.92578125 0.4955078125 0.931640625 0.4779296875 0.94140625 0.4701171875 0.9111328125 0.4671875 0.90625 0.4701171875 0.9140625 0.4779296875 0.916015625 0.4955078125 0.8984375 0.5384765625 0.880859375 0.5462890625 0.888671875 0.5619140625 0.884765625 0.5794921875 0.84765625 0.6126953125 0.8515625 0.6244140625 0.84765625 0.6537109375 0.8662109375 0.676171875 0.9296875 0.6810546875 0.974609375 0.6732421875
2 0.505859375 0.3724609375 0.509765625 0.3177734375 0.5048828125 0.312890625 0.4833984375 0.312890625 0.4794921875 0.303125 0.4755859375 0.3109375 0.4638671875 0.3109375 0.4580078125 0.29921875 0.453125 0.3685546875 0.4619140625 0.3734375 0.5 0.3744140625 0.505859375 0.3724609375
2 0.244140625 0.3470703125 0.228515625 0.3294921875 0.2265625 0.3119140625 0.2197265625 0.3109375 0.216796875 0.3275390625 0.19921875 0.3509765625 0.197265625 0.3783203125 0.2021484375 0.383203125 0.244140625 0.3822265625 0.244140625 0.3470703125
2 0.197265625 0.3685546875 0.201171875 0.3431640625 0.201171875 0.3294921875 0.1923828125 0.3109375 0.18359375 0.3392578125 0.169921875 0.3529296875 0.16796875 0.3626953125 0.1708984375 0.371484375 0.1875 0.3724609375 0.197265625 0.3685546875
2 0.61328125 0.3998046875 0.611328125 0.3744140625 0.59765625 0.3646484375 0.5966796875 0.355859375 0.5849609375 0.35390625 0.5703125 0.3685546875 0.564453125 0.4037109375 0.5791015625 0.40859375 0.609375 0.4076171875 0.61328125 0.3998046875
2 0.6875 0.3802734375 0.677734375 0.3529296875 0.677734375 0.3353515625 0.6689453125 0.3265625 0.658203125 0.3529296875 0.64453125 0.3705078125 0.642578125 0.3978515625 0.685546875 0.3998046875 0.6875 0.3802734375
1 0.37890625 0.2884765625 0.380859375 0.3666015625 0.3837890625 0.36953125 0.3935546875 0.36953125 0.396484375 0.3666015625 0.400390625 0.2845703125 0.380859375 0.2845703125 0.37890625 0.2884765625
1 0.537109375 0.3724609375 0.5400390625 0.375390625 0.5458984375 0.375390625 0.548828125 0.3724609375 0.552734375 0.3236328125 0.552734375 0.3001953125 0.5498046875 0.29140625 0.546875 0.2923828125 0.541015625 0.3041015625 0.5390625 0.3216796875 0.537109375 0.3724609375
0 0.1953125 0.6341796875 0.201171875 0.6166015625 0.201171875 0.6048828125 0.1904296875 0.582421875 0.1650390625 0.586328125 0.154296875 0.6048828125 0.16015625 0.6322265625 0.1689453125 0.6390625 0.181640625 0.6400390625 0.1953125 0.6341796875