2 0.2568359375 0.751953125 0.2802734375 0.740234375 0.2890625 0.7294921875 0.28515625 0.6826171875 0.2783203125 0.677734375 0.2685546875 0.677734375 0.265625 0.6728515625 0.267578125 0.6630859375 0.25 0.6552734375 0.248046875 0.6279296875 0.23828125 0.6162109375 0.224609375 0.5791015625 0.224609375 0.5712890625 0.2197265625 0.572265625 0.216796875 0.5693359375 0.2177734375 0.5625 0.2216796875 0.5625 0.2236328125 0.56640625 0.2275390625 0.556640625 0.23828125 0.5537109375 0.2353515625 0.548828125 0.2060546875 0.548828125 0.197265625 0.5556640625 0.20703125 0.5615234375 0.20703125 0.5927734375 0.1953125 0.6279296875 0.189453125 0.6689453125 0.1845703125 0.677734375 0.1630859375 0.6875 0.158203125 0.6943359375 0.162109375 0.7470703125 0.1767578125 0.7578125 0.189453125 0.7587890625 0.2568359375 0.751953125
2 0.20703125 0.5869140625 0.205078125 0.5634765625 0.19921875 0.5556640625 0.205078125 0.5478515625 0.205078125 0.5400390625 0.19140625 0.5107421875 0.1962890625 0.50390625 0.2041015625 0.501953125 0.205078125 0.4990234375 0.1962890625 0.49609375 0.1787109375 0.498046875 0.17578125 0.5009765625 0.1884765625 0.505859375 0.189453125 0.5146484375 0.177734375 0.5458984375 0.173828125 0.5771484375 0.1689453125 0.583984375 0.15234375 0.5908203125 0.154296875 0.6259765625 0.1572265625 0.62890625 0.193359375 0.6318359375 0.20703125 0.5869140625
2 0.3037109375 0.6328125 0.31640625 0.6181640625 0.31640625 0.6044921875 0.3203125 0.5966796875 0.3076171875 0.580078125 0.3017578125 0.580078125 0.294921875 0.5732421875 0.294921875 0.5517578125 0.2890625 0.5478515625 0.28125 0.5244140625 0.2734375 0.5126953125 0.2744140625 0.5078125 0.2880859375 0.50390625 0.2890625 0.5009765625 0.2841796875 0.498046875 0.2607421875 0.5 0.2578125 0.5029296875 0.26953125 0.5107421875 0.26953125 0.5185546875 0.2578125 0.5498046875 0.255859375 0.5693359375 0.25 0.5849609375 0.2373046875 0.587890625 0.232421875 0.5927734375 0.232421875 0.5986328125 0.23828125 0.6142578125 0.248046875 0.6220703125 0.2529296875 0.634765625 0.2890625 0.6357421875 0.3037109375 0.6328125
2 0.705078125 0.6220703125 0.70703125 0.6083984375 0.712890625 0.6005859375 0.712890625 0.5888671875 0.7099609375 0.583984375 0.7021484375 0.583984375 0.69921875 0.5810546875 0.6796875 0.5361328125 0.6796875 0.5126953125 0.68359375 0.5087890625 0.68359375 0.5029296875 0.6884765625 0.501953125 0.69140625 0.4970703125 0.6865234375 0.494140625 0.6630859375 0.494140625 0.6494140625 0.5 0.6357421875 0.5 0.6357421875 0.50390625 0.6591796875 0.50390625 0.66796875 0.5146484375 0.66796875 0.5205078125 0.666015625 0.5322265625 0.64453125 0.5537109375 0.638671875 0.5712890625 0.62890625 0.5849609375 0.623046875 0.6201171875 0.6279296875 0.625 0.6669921875 0.634765625 0.693359375 0.6357421875 0.705078125 0.6220703125
2 0.751953125 0.5732421875 0.7470703125 0.56640625 0.7353515625 0.564453125 0.732421875 0.5595703125 0.71875 0.5126953125 0.71875 0.4912109375 0.72265625 0.4873046875 0.7021484375 0.486328125 0.7119140625 0.490234375 0.712890625 0.4970703125 0.701171875 0.5244140625 0.69921875 0.5458984375 0.693359375 0.5595703125 0.6953125 0.5751953125 0.7060546875 0.5859375 0.7119140625 0.5859375 0.7314453125 0.576171875 0.7421875 0.5869140625 0.74609375 0.5986328125 0.744140625 0.6025390625 0.748046875 0.6025390625 0.751953125 0.5732421875
0 0.74609375 0.5986328125 0.7421875 0.5869140625 0.7294921875 0.578125 0.7177734375 0.58203125 0.712890625 0.5869140625 0.71484375 0.6064453125 0.7216796875 0.61328125 0.73828125 0.6123046875 0.74609375 0.5986328125
2 0.955078125 0.6416015625 0.95703125 0.6181640625 0.923828125 0.5400390625 0.92578125 0.5185546875 0.931640625 0.5107421875 0.931640625 0.5029296875 0.9267578125 0.5 0.9013671875 0.498046875 0.8984375 0.5029296875 0.904296875 0.5107421875 0.90234375 0.5439453125 0.876953125 0.5869140625 0.8720703125 0.591796875 0.8642578125 0.59375 0.861328125 0.5986328125 0.865234375 0.6142578125 0.861328125 0.6318359375 0.8701171875 0.642578125 0.9111328125 0.64453125 0.9287109375 0.6484375 0.94921875 0.6474609375 0.955078125 0.6416015625
2 0.3037109375 0.47265625 0.306640625 0.4697265625 0.3046875 0.4580078125 0.2939453125 0.44140625 0.2880859375 0.44140625 0.283203125 0.4462890625 0.27734375 0.4599609375 0.27734375 0.4716796875 0.2802734375 0.474609375 0.2890625 0.4736328125 0.3037109375 0.47265625
2 0.388671875 0.4658203125 0.37890625 0.4443359375 0.37890625 0.4306640625 0.3662109375 0.4296875 0.365234375 0.4345703125 0.369140625 0.4384765625 0.357421875 0.4619140625 0.359375 0.4716796875 0.38671875 0.4716796875 0.388671875 0.4658203125
2 0.349609375 0.4560546875 0.349609375 0.4248046875 0.3447265625 0.421875 0.3212890625 0.421875 0.318359375 0.4248046875 0.3203125 0.4580078125 0.3251953125 0.4609375 0.34375 0.4599609375 0.349609375 0.4560546875
1 0.390625 0.4521484375 0.390625 0.4462890625 0.388671875 0.4443359375 0.388671875 0.4111328125 0.38671875 0.4091796875 0.3857421875 0.40625 0.3818359375 0.40625 0.380859375 0.4072265625 0.380859375 0.4130859375 0.37890625 0.4150390625 0.380859375 0.4169921875 0.380859375 0.4482421875 0.3828125 0.4501953125 0.3828125 0.4521484375 0.3857421875 0.455078125 0.388671875 0.4541015625 0.390625 0.4521484375