0 0.46919529584842873 0.6246408069663231 0.4595247092396243 0.6259999192803862 0.45703126695120194 0.6293088289572465 0.46086814151265126 0.6425758277467599 0.46417705118951147 0.6450692700351823 0.4727446679060292 0.6428790102916451 0.47579743516111295 0.6365330134007372 0.4747101453098625 0.6287965441136937 0.46919529584842873 0.6246408069663231
0 0.5062780675888431 0.5937890100643664 0.5037846253004207 0.5970979197412267 0.50762149986187 0.6103649185307403 0.5192262037924353 0.6087339837538644 0.5195293863373204 0.5968574573604866 0.5140145368758866 0.592701720213116 0.5062780675888431 0.5937890100643664
0 0.481490026839142 0.6840547990152851 0.47373787751106217 0.6920474107241049 0.4750969898251253 0.7017179973329093 0.4808836617493717 0.7078078518020409 0.4933195131094112 0.7050739471328784 0.49555681297605714 0.6929255982766878 0.4853582614826638 0.6835111540896598 0.481490026839142 0.6840547990152851
0 0.6146409394957575 0.6771755754745916 0.6027644131023797 0.6768723929297066 0.5969463810960608 0.6845931821757139 0.6007832556575101 0.6978601809652274 0.6060262826561312 0.700081800790837 0.6145938993726487 0.6978915410472999 0.6198526064123062 0.6932078390153402 0.6206994338828166 0.685199547265484 0.6146409394957575 0.6771755754745916
0 0.6932183625457332 0.6187965713885749 0.6835477759369288 0.6201556837026381 0.6810543336485064 0.6234645933794983 0.6851630306727683 0.6386657094907727 0.6904060576713895 0.6408873293163825 0.698973674387907 0.6386970695728452 0.7014827967173657 0.6284828380384155 0.698733212007167 0.6229523085359455 0.6932183625457332 0.6187965713885749
0 0.6200094068226687 0.6241546204396462 0.621912164062357 0.6376934416919724 0.6252210737392173 0.6401868839803948 0.6299204558122132 0.6385402691624827 0.6280176985725248 0.6250014479101567 0.624436966432852 0.6205738882999734 0.6200094068226687 0.6241546204396462
0 0.35919107088879876 0.6558794483835425 0.35338871892351614 0.6566949157719804 0.3478425093800098 0.6663498223397486 0.3511357390158339 0.6757485864857403 0.35665058847726766 0.6799043236331109 0.36908643983730705 0.6771704189639485 0.37241102955520355 0.6727585393948015 0.3666400376719934 0.6597633630681006 0.35919107088879876 0.6558794483835425
0 0.7697571697518908 0.728351231668797 0.7642109602083845 0.7380061382365654 0.7664012199519218 0.7465737549530829 0.7923758925642873 0.7419370930442319 0.7868767231438898 0.7308760340392919 0.7794277563606952 0.726992119354734 0.7697571697518908 0.728351231668797
0 0.6468518487117774 0.7239289338238104 0.6374530845657855 0.7272221634596343 0.6338409923440402 0.7366052475645899 0.6376778669054894 0.7498722463541034 0.647060951010445 0.7534843385758487 0.6575626850487235 0.7510222563694988 0.662005924699943 0.7405362023722566 0.6565067552795455 0.7294751433673167 0.6468518487117774 0.7239289338238104
1 0.8645236567529773 0.5957073420905378 0.8747222082463708 0.6051217862775659 0.9188723640199135 0.624557039741392 0.9412506244515699 0.6223981400799273 1 0.6134005413875514 1 0.5901150808641753 0.9736653742010606 0.5793823142807438 0.8645236567529773 0.5957073420905378
1 0.9315643578017291 0.6306625742515598 0.9757145135752718 0.650097827715386 1 0.6461977918345956 1 0.6137843141371736 0.9279836256620563 0.6262350146413767 0.9315643578017291 0.6306625742515598
1 0.979023423252132 0.6525912700038085 1 0.6634053052081855 1 0.6466847251821012 0.9815168655405545 0.6492823603269482 0.979023423252132 0.6525912700038085