0 0.8152869919963365 0.4403227434782021 0.7419956755020739 0.43624318293408154 0.7443084604023651 0.44144663878214996 0.7656670523407533 0.4598114851376038 0.7880795824493035 0.4615795014917806 0.843685772560408 0.46545539418628207 0.8450120950036272 0.46266655716331445 0.8152869919963365 0.4403227434782021
1 0.8478009320265947 0.46399287960653385 0.7703944560661452 0.4613758336421614 0.7977049402483353 0.4873587546707845 0.8181789036544611 0.4888887449636231 0.8834779272776878 0.49395476796481547 0.8848042497209072 0.49116593094184785 0.8478009320265947 0.46399287960653385
1 0.9318746191252087 0.5244945423705828 0.8912321940873855 0.4949068722101682 0.8563379934437453 0.49062240310608096 0.8043709106761519 0.4891611292366803 0.8100847768586155 0.49871777061227396 0.8331439094380897 0.5192592097314904 0.8475641466756043 0.522013688542739 0.9109246035964063 0.5268416854825931 0.9305482966819891 0.5272833793935504 0.9318746191252087 0.5244945423705828
0 0.5223965917130384 0.5499769787475906 0.5146423249033405 0.5490248745022378 0.5092008429939339 0.5532762261049535 0.5080107126872431 0.5629690596170758 0.5103234975875341 0.5681725154651442 0.5189280347177753 0.5702129160923783 0.5230431941839623 0.5687504015126302 0.5281104578955022 0.5595336201231842 0.5223965917130384 0.5499769787475906
0 0.4763789197685517 0.4439692950837979 0.4689988711567207 0.44798262062517535 0.46828479297270614 0.4537983207324488 0.47253614457542187 0.4592398026418554 0.4775015743621521 0.4588655844439886 0.48185475988967735 0.455464503161816 0.4825688380736919 0.4496488030545426 0.4763789197685517 0.4439692950837979
0 0.4722294020906457 0.42968524998281216 0.4670259462425772 0.43199803488310345 0.46413527529480003 0.43951427563146306 0.46838662689751576 0.44495575754086963 0.4752906233866705 0.444819565404341 0.4794057828528575 0.4433570508245929 0.48035788709821026 0.43560278401489516 0.4722294020906457 0.42968524998281216
0 0.46998409290344495 0.3998926712624308 0.4679436922762109 0.4084972083926717 0.47049450323784037 0.4117620975383157 0.47739849972699505 0.4116259054017871 0.48052719673611033 0.4021710979510029 0.4760378190720565 0.3986681827440208 0.46998409290344495 0.3998926712624308
0 0.5042316910761613 0.3854037176014783 0.5032795868308085 0.3931579844111762 0.5129724203429308 0.3943481147178671 0.5141625506496216 0.38465528120574477 0.5074965802218051 0.382852906639849 0.5042316910761613 0.3854037176014783
0 0.5556221285066163 0.45566693030108774 0.5504186726585478 0.4579797152013789 0.5494665684131952 0.4657339820110768 0.5537179200159109 0.4711754639204833 0.5586833498026411 0.47080124572261656 0.5630365353301664 0.4674001644404441 0.5637506135141809 0.46158446433317063 0.5556221285066163 0.45566693030108774
0 0.35758406379524044 0.5139982038531115 0.3478912302831182 0.5128080735464206 0.34244974837371156 0.5170594251491363 0.3414976441283589 0.5248136919588342 0.3438104290286501 0.5300171478069026 0.35241496615889106 0.5320575484341366 0.36064528509126526 0.5291325192746404 0.36183541539795616 0.5194396857625181 0.35758406379524044 0.5139982038531115
0 0.5778297500552 0.41903783080464213 0.574564860909556 0.42158864176627164 0.5736127566642033 0.4293429085759694 0.5761635676258328 0.43260779772161334 0.5850061308174118 0.4327096316464229 0.5878968017651891 0.4251933908980633 0.5836454501624734 0.4197519089886567 0.5778297500552 0.41903783080464213
0 0.6523799132795916 0.44491767719810804 0.6514278090342388 0.4526719440078059 0.6539786199958681 0.45593683315344985 0.6628211831874473 0.4560386670782595 0.6659498801965628 0.44658385962747527 0.6597599618914226 0.4409043516567305 0.6523799132795916 0.44491767719810804
0 0.5763010004727088 0.49559403644454864 0.5663701408992484 0.4963424728402822 0.5621531475082517 0.5066475506116095 0.5664044991109675 0.512089032521016 0.5752470623025465 0.5121908664458257 0.5796002478300719 0.5087897851636531 0.5805523520754245 0.5010355183539553 0.5763010004727088 0.49559403644454864
0 0.660407805072694 0.5157600166555508 0.6526535382629961 0.5148079124101981 0.6447974375284888 0.5226983713564246 0.6457838999855606 0.5306906642274606 0.6593538669025317 0.5323568466568278 0.663707052430057 0.5289557653746553 0.6646591566754096 0.5212014985649575 0.660407805072694 0.5157600166555508