0 0.5644613248250742 0.7634400955661342 0.5534822831563875 0.7589008838652583 0.5433807324108072 0.7635845078539321 0.538402163181916 0.7764666160554023 0.5445494961753581 0.7889105908617816 0.5552360408696758 0.7903755239994743 0.564605737112872 0.7845206879804012 0.5691449488137478 0.7735416463117145 0.5644613248250742 0.7634400955661342
0 0.5201204902174046 0.5908386902340125 0.5106051575534862 0.5886419025939357 0.5047490974014887 0.5923011751058563 0.5025523097614119 0.6018165077697747 0.507675291278101 0.6100149919825713 0.5145557029068514 0.6106012100642332 0.5215829750892484 0.6062100830499283 0.5237797627293252 0.5966947503860099 0.5201204902174046 0.5908386902340125
0 0.5255433135060085 0.5239376404792911 0.5179310473748739 0.5221802103672297 0.5120749872228763 0.5258394828791504 0.5103175571108148 0.533451749010285 0.5139768296227356 0.5393078091622826 0.5227603077842697 0.5403333847719598 0.5274451559058677 0.5374059667624232 0.5292025860179292 0.5297937006312886 0.5255433135060085 0.5239376404792911
0 0.5811740487505987 0.5087180047487192 0.5735617826194641 0.5069605746366578 0.5677057224674666 0.5106198471485784 0.5663876498834204 0.5163290467469295 0.5681438558625576 0.5217457493709117 0.5745849099632927 0.5242350339853572 0.5811728246176744 0.521746973503836 0.5848333212625196 0.5145740649007167 0.5811740487505987 0.5087180047487192
0 0.6363531851379303 0.6256911231020994 0.6306439855395792 0.6243730505180534 0.6228848588547979 0.6275929655019588 0.6202487136867058 0.6390113646986608 0.6239079861986265 0.6448674248506583 0.6303490402993617 0.6473567094651039 0.6388400214865271 0.645308006511598 0.6433792331874029 0.6343289648429115 0.6363531851379303 0.6256911231020994
0 0.681446684507698 0.5779712716276343 0.6719313518437796 0.5757744839875575 0.666075291691782 0.5794337564994783 0.6643178615797206 0.587046022630613 0.6694408430964096 0.5952445068434095 0.6763212547251601 0.5958307249250715 0.6837878844355726 0.589536531377983 0.6851059570196186 0.5838273317796319 0.681446684507698 0.5779712716276343
0 0.7354631777951004 0.6044734631975809 0.7240447785983983 0.6018373180294887 0.7177493609183854 0.6073996570741931 0.7174556398110922 0.6173543472661268 0.7196512033182447 0.6208679833573253 0.7322408145453462 0.6227722740230333 0.7373650201949595 0.6179417894807131 0.739122450307021 0.6103295233495784 0.7354631777951004 0.6044734631975809
0 0.3220436930579379 0.6673835712124333 0.3106252938612359 0.6647474260443411 0.3024268096484393 0.6698704075610301 0.2987663130035942 0.6770433161641495 0.30447428846902086 0.6913903575033125 0.31516083316333865 0.692855290641005 0.32453052940653476 0.6870004546219318 0.32716667457462695 0.6755820554252299 0.3220436930579379 0.6673835712124333
0 0.4088688127916188 0.5170462116542214 0.4011096861068376 0.5202661266381268 0.3989128984667608 0.5297814593020451 0.4025721709786816 0.5356375194540426 0.415161782205783 0.5375418101197507 0.4201403514346742 0.5246597019182804 0.41794478792752177 0.5211460658270818 0.4088688127916188 0.5170462116542214
0 0.6555245903547916 0.6902521970618705 0.6441061911580895 0.6876160518937783 0.6359077069452931 0.6927390334104674 0.6351746283099846 0.7045967901351847 0.6388339008219053 0.7104528502871823 0.6514235120490068 0.7123571409528904 0.6607932082922029 0.706502304933817 0.6606475718714806 0.698450681274667 0.6555245903547916 0.6902521970618705
0 0.778197115243128 0.74062288329952 0.766778716046426 0.7379867381314278 0.758140874305614 0.7450127861809005 0.7563834441935526 0.7526250523120351 0.7648732012477936 0.7636053181136461 0.7755597459421114 0.7650702512513388 0.7825870181245086 0.7606791242370339 0.7837594542878324 0.7469183009795329 0.778197115243128 0.74062288329952
1 0.9339683152862632 0.6432862344824279 0.9308928125901555 0.6566077002119136 0.934112727574061 0.6643668268966947 0.9505072477338056 0.6801788013735505 0.9707091250920415 0.6838405221513197 0.9774463485659186 0.6503171790635981 0.9393850179102454 0.6415300285032908 0.9339683152862632 0.6432862344824279
1 0.9645593438327509 0.6974544848551743 0.9676336223959339 0.6971619878808054 0.9695379130616422 0.6845723766537041 0.9512391022361895 0.6813500134039499 0.9645593438327509 0.6974544848551743