0 0.5769738597763301 0.5788069196670154 0.5725797924569059 0.585966812948792 0.5752093753064772 0.5955724062643293 0.5804209013025902 0.6001027166965348 0.5891204325316861 0.5985154390461862 0.5945568050503328 0.5922616078508506 0.5917909790879802 0.5807076472496497 0.5769738597763301 0.5788069196670154
0 0.6139385225046048 0.5194431630143561 0.6022483187906225 0.520260621691045 0.5995301325312992 0.5233875372887129 0.6002113480952066 0.5331293737170315 0.6054228740913197 0.537659684149237 0.6160707726060793 0.535936163386107 0.6194225347262807 0.5278702080178892 0.6170654381022725 0.5221613492736795 0.6139385225046048 0.5194431630143561
0 0.692826915720624 0.5276320095027425 0.6830850792923054 0.5283132250666499 0.6767426446872176 0.5356093614612081 0.6792359844240073 0.5432665874910814 0.6823629000216751 0.5459847737504048 0.6871656966794437 0.5446699823256191 0.6984471710550816 0.5380074217919391 0.6980384417167371 0.5321623199349479 0.692826915720624 0.5276320095027425
0 0.29484172097932554 0.7160091806112812 0.285099884551007 0.7166903961751887 0.27694532577303693 0.7260711429681923 0.2776265413369444 0.7358129793965109 0.2850589208442842 0.7441037812872622 0.2976551866447076 0.7422440174113507 0.3046311971106735 0.7300088412462424 0.30408622465954754 0.7222153721035875 0.29484172097932554 0.7160091806112812
0 0.5562907028898857 0.7310110904676257 0.5426521318902396 0.7319647922570961 0.5363096972851518 0.7392609286516544 0.5371271559618408 0.7509511323656367 0.5466441458676258 0.7610540584292703 0.5535315529238395 0.761551391177367 0.562728416901032 0.7530767064708047 0.5635868392844439 0.7373535250727135 0.5562907028898857 0.7310110904676257
0 0.46342358475670825 0.5789155510656872 0.45368174832838976 0.5795967666295947 0.44915143789618417 0.5848082926257077 0.4498326534600917 0.5945501290540263 0.45712878985464994 0.6008925636591141 0.4640161969108637 0.6013898964072106 0.471400936715174 0.5949998220990935 0.47294057466249323 0.589018477129321 0.46342358475670825 0.5789155510656872
0 0.44515274792249154 0.5136247651425913 0.43686194603174 0.5210571446499309 0.43727067537008446 0.5269022465069221 0.44456681176464274 0.53324468111201 0.451317975708075 0.5317936465744428 0.4564818620011587 0.5216430808077798 0.45113409289226414 0.5151644030899105 0.44515274792249154 0.5136247651425913
0 0.4977996283421347 0.48253281598541725 0.4900061591994798 0.48307778843654325 0.48547584876727423 0.4882893144326562 0.4881054316168454 0.4978949077481934 0.493180714500177 0.5004768508947353 0.49993187844360926 0.49902581635716814 0.5035561267893737 0.49485659556027767 0.5030111543382477 0.4870631264176228 0.4977996283421347 0.48253281598541725
0 0.3435241991356923 0.5442260575479752 0.33183399542171 0.5450435162246641 0.3274399281022859 0.5522034095064408 0.3299332678390756 0.559860635536314 0.3390415284065161 0.5641184597429567 0.34384432506428464 0.5628036683181711 0.34941694069571283 0.5584982044084992 0.34873572513180534 0.5487563679801806 0.3435241991356923 0.5442260575479752
0 0.6198922557602676 0.6325847086956333 0.608338295159067 0.635350534657986 0.6038079847268614 0.640562060654099 0.6067100538019956 0.6540643885409636 0.6138699470837723 0.6584584558603876 0.624517845598532 0.6567349350972576 0.6299542181171787 0.6504811039019219 0.6291367594404897 0.6387909001879396 0.6198922557602676 0.6325847086956333
0 0.7498469277418882 0.6430763361086919 0.7363445998550235 0.6459784051838261 0.7337626567084817 0.6510536880671576 0.7345801153851708 0.6627438917811399 0.7438246190653927 0.6689500832734463 0.7544725175801524 0.6672265625103162 0.7615847711588998 0.6569397536308715 0.7590914314221101 0.6492825276009981 0.7498469277418882 0.6430763361086919
1 0.8478788398970327 0.5050423567662405 0.8451606536377092 0.5081692723639083 0.8890260754148109 0.5334913710812301 0.9017585843280159 0.5335799744909823 1 0.5238290052048196 1 0.5155930149106234 0.9547665543829741 0.4936522509919309 0.8478788398970327 0.5050423567662405
1 0.8960497255838062 0.5359370711149904 0.9421360008721346 0.5650196612908582 0.9511080183267934 0.567329118211837 1 0.5630158287810639 1 0.5247810489152551 0.902664646414457 0.5325376692917596 0.8960497255838062 0.5359370711149904
1 0.9585403978341331 0.5756199201025886 1 0.5995171494109223 1 0.5630158287810639 0.9511080183267934 0.567329118211837 0.9585403978341331 0.5756199201025886