1 0.6710110601440057 0.4373200318713016 0.5507012406179652 0.4642851190976982 0.540549611368526 0.4688591856379599 0.5442070697151926 0.4732235785167246 0.5934644589228719 0.49706150967609347 0.6174251757684172 0.4922777694743348 0.7289013727061798 0.4657230551432184 0.7351948443751692 0.4617600607320201 0.6710110601440057 0.4373200318713016
1 0.8146105596943487 0.488731266084313 0.7382412305927725 0.462266296030335 0.6022980815111498 0.4966511367808133 0.6029091536402131 0.500509294361263 0.612659384422086 0.5058861578366575 0.6616112375652337 0.5277950102058016 0.6781611753144111 0.5261624930523945 0.8028353877192161 0.4955399474793312 0.8141043243960338 0.4917776523019161 0.8146105596943487 0.488731266084313
1 0.8218206395569334 0.49055550804378933 0.6809020254674826 0.5247396495604846 0.6726794750082682 0.5290081800362145 0.6808061630644479 0.5366196583663655 0.7428601692716034 0.5663406882994437 0.7651973433914554 0.5637915629524416 0.8708863039585433 0.5381534568149202 0.9132212005127422 0.5245271195971699 0.8218206395569334 0.49055550804378933
0 0.45375004023612026 0.5013928611458203 0.44999671948641906 0.5089084770729366 0.45121886374454584 0.5166247922338362 0.46158016665548207 0.5258598132896803 0.46625009559877845 0.5241314337332387 0.4651238137436863 0.5045351097664582 0.4614663553970198 0.5001707168876935 0.45375004023612026 0.5013928611458203
0 0.08577530331834181 0.5003502054419704 0.07582437330268578 0.4999488069744039 0.06983643769822792 0.5058408801758272 0.06943503923066152 0.5157918101914832 0.07756172728684128 0.5234032885216342 0.08608981381058736 0.5210638368361292 0.08964243532650547 0.5185236859168408 0.09197291258429668 0.508267219836653 0.08577530331834181 0.5003502054419704
0 0.020815645435187012 0.5521656944243657 0.009241172693837774 0.553998910811556 0.0035587731539116125 0.561820062803204 0.004780917412038416 0.5695363779641035 0.01483668425844309 0.5768423202297228 0.023364770782189168 0.5745028685442177 0.028235398959268687 0.567799023979948 0.02640218257207848 0.5562245512385987 0.020815645435187012 0.5521656944243657
0 0.052537549580200904 0.6400825729841497 0.04065754077431997 0.639986710581115 0.0330460624441689 0.6481133986372948 0.03295020004113429 0.6599934074431758 0.041076888097313975 0.6676048857733268 0.05376866826604156 0.6665834407489831 0.060262839168814274 0.6576449813299567 0.06096977370091229 0.6496231301045255 0.052537549580200904 0.6400825729841497
0 0.1881780188991095 0.8222787408926002 0.17894299784326534 0.8326400438035367 0.18036584133517536 0.8353808939566081 0.21204287334162003 0.8293750094967226 0.20615080014019682 0.8233870738922648 0.19782341285023392 0.8207510605699418 0.1881780188991095 0.8222787408926002
0 0.4538308100855448 0.6704538345812254 0.4457041220293651 0.6628423562510743 0.4318950344332593 0.6630520299125714 0.42266001337741504 0.6734133328235077 0.421953078845317 0.681435184048939 0.43485453267554164 0.6942228266207012 0.44368815526381933 0.693812453725421 0.4502871629973407 0.6917785381044477 0.4543460198115735 0.6861920009675562 0.4538308100855448 0.6704538345812254
0 0.27380643603785393 0.67622597839829 0.2641610420867295 0.6777536587209484 0.255231557095417 0.6900440404221098 0.25706477348260726 0.7016185131634589 0.26904961911923675 0.7086189193645465 0.28143586322343256 0.7056683955499781 0.2879300341262053 0.6967299361309517 0.28579128167448337 0.6832263845993776 0.27380643603785393 0.67622597839829
0 0.9619095334281098 0.41991956874660463 0.950230223856012 0.414848241335742 0.9428194447596443 0.4179994643840937 0.9374425812842497 0.4277496951659666 0.9408993403971332 0.4370895530525593 0.9464858775340247 0.44114840986679216 0.9533904213320776 0.44104357303604375 0.958060350275374 0.43931519347960196 0.9634372137507684 0.42956496269772904 0.9619095334281098 0.41991956874660463
0 0.24418738663370654 0.5266744409543446 0.23647107147280705 0.5278965852124713 0.23078867193288097 0.5357177372041193 0.23231635225553945 0.5453631311552438 0.24013750424718747 0.5510455306951699 0.25059466956115845 0.5484005429451331 0.2551597616737063 0.5397676195906385 0.2539376174155795 0.5320513044297389 0.24418738663370654 0.5266744409543446
0 0.2219909470554585 0.6112663205151352 0.2068638527981912 0.6156396878216136 0.20311053204848992 0.62315530374873 0.20687282722590505 0.6344242404255475 0.21469397921755307 0.6401066399654737 0.2270802233217489 0.6371561161509052 0.2316453154342967 0.6285231927964106 0.22727194812781826 0.6133960985391432 0.2219909470554585 0.6112663205151352