0 0.4956930283345679 0.24988263232094007 0.49097023555620467 0.2530638514473838 0.4875804322587546 0.2630205303267955 0.4948669853344073 0.2714397823962199 0.5016424450873752 0.2701067929153066 0.5088309263404234 0.25799522839675343 0.503494821574838 0.24947375766279203 0.4956930283345679 0.24988263232094007
0 0.4353313493870116 0.2550018592316546 0.42876032696311767 0.26023574533270294 0.42742319064027223 0.272040653857645 0.4325548580767835 0.2766612279714714 0.44128076613981887 0.2752260198260211 0.4465187990827995 0.26321667397200493 0.4432353612918186 0.2565434328835741 0.4353313493870116 0.2550018592316546
0 0.42823264627270363 0.3248049768940052 0.42115053052612483 0.320286621444716 0.4089326005011024 0.32972806015951034 0.4095459124883244 0.3414307500199155 0.4146775799248357 0.3460513241337418 0.4253539362979386 0.34451389732375454 0.42905039558899966 0.34040856337454545 0.4304897505763822 0.3305541031596708 0.42823264627270363 0.3248049768940052
0 0.15728744692500102 0.5101375823859733 0.1473307680455894 0.5067477790885233 0.13511283802056695 0.5161892178033176 0.1339801390267954 0.5318950229483949 0.14116447343791125 0.5383638267077517 0.15379127812108168 0.5367241812332274 0.16128641536774077 0.530463961644877 0.16262355169058634 0.5186590531199348 0.15728744692500102 0.5101375823859733
0 0.5815900915904825 0.35881766905883966 0.5714248285400646 0.3701073374191645 0.5720381405272866 0.3818100272795697 0.5792224749384024 0.3882788310389265 0.5918492796215729 0.38663918556440224 0.5972917498936274 0.3785307363305212 0.5964740005773315 0.362927149849981 0.5815900915904825 0.35881766905883966
0 0.4648698489800419 0.3708021338612622 0.4570680557397718 0.37121100851941013 0.44690279268935384 0.38250067687973505 0.4475161046765758 0.3942033667401402 0.45470043908769175 0.40067217049949705 0.4653767954607947 0.39913474368950985 0.4727697140429167 0.3909240757910917 0.4720541833911577 0.37727093762061903 0.4648698489800419 0.3708021338612622
0 0.15927936365439122 0.3242316809423363 0.15301499722410836 0.3353169119735872 0.15352609054679336 0.34506915352392487 0.15865775798330467 0.34968972763775114 0.16933411435640758 0.3481523008277639 0.17487880329299915 0.34199429990395025 0.17406105397670316 0.32639071342341003 0.15927936365439122 0.3242316809423363
0 0.31882383778950946 0.23372648409839214 0.3129724928593069 0.23403314009200318 0.30496211544803054 0.24912148640792608 0.3122486685236834 0.2575407384773505 0.3170736799665837 0.2563099676609742 0.3243643798841688 0.2461488514524886 0.3239555052260208 0.23834705821221852 0.31882383778950946 0.23372648409839214
0 0.27600789994869634 0.27508647958409366 0.2682061067084262 0.2754953542422417 0.2600935106326129 0.2886332522480971 0.2604001666262239 0.2944845971782997 0.2675845010373398 0.30095340093765655 0.27435996079030756 0.2996204114567433 0.27980243106236213 0.29151196222286213 0.2811395673852077 0.2797070536979199 0.27600789994869634 0.27508647958409366
0 0.29909003630816666 0.3423299837910872 0.293238691377964 0.34263663978469816 0.2867698876186072 0.34982097419581404 0.2834823029856941 0.36172810138529315 0.2887161890867424 0.368299123809187 0.29949476412438236 0.3687121453092673 0.3067854640419675 0.3585510291007816 0.30617215205474546 0.34684833924037645 0.29909003630816666 0.3423299837910872
0 0.41577710418314917 0.4789884652119446 0.4021239660126764 0.4797039958637036 0.39390915127232606 0.4908914455594915 0.39462468192408506 0.5045445837299642 0.40180901633520094 0.511013387489321 0.41443582101837134 0.5093737420147969 0.41998050995496283 0.5032157410909832 0.42101099028419736 0.4855594876358385 0.41577710418314917 0.4789884652119446
1 0.963592038579768 0.2400296244898351 0.8968720682212565 0.21712289756591296 0.8851693783608514 0.21773620955313494 0.7763490008132856 0.24984261628538706 0.7775797716296619 0.2546676277282874 0.8297224889949355 0.2793162187912708 0.8405010640325754 0.279729240291351 0.9551727865103438 0.2473161775654879 0.9609219127760094 0.24505907326180934 0.963592038579768 0.2400296244898351
1 0.8470886738241985 0.20017388107866269 0.8002779143825778 0.2026271290275507 0.7251303982707771 0.22416769173510137 0.7223580538024813 0.22724669219700822 0.7655704257756456 0.24942959478530677 0.7763490008132856 0.24984261628538706 0.8813707004052533 0.2198910951922765 0.8879417228291471 0.21465720909122815 0.8470886738241985 0.20017388107866269
1 0.7135299270749089 0.22673145203239092 0.7242062834480119 0.22519402522240367 0.7974033512497449 0.20375568117938986 0.6784260043356257 0.20999101971614684 0.7135299270749089 0.22673145203239092