0 0.37768380900349957 0.5105627643592199 0.36799097549137727 0.5093726340525291 0.36231146752063254 0.5155625523576692 0.361597389336618 0.5213782524649425 0.36754928158042 0.5289963271381117 0.3744532780695747 0.5288601350015831 0.3807450302995244 0.5256970797807488 0.3819351606062153 0.5160042462686265 0.37768380900349957 0.5105627643592199
0 0.536680636814024 0.5458274610696845 0.5293005882021931 0.549840786611062 0.5264099172544159 0.5573570273594216 0.5321237834368796 0.5669136687350153 0.5409663466284588 0.5670155026598248 0.5482102031037612 0.5560981806292926 0.5441968775623838 0.5487181320174617 0.536680636814024 0.5458274610696845
0 0.49454009827438644 0.4402958295285681 0.48909861636497975 0.4445471811312839 0.4883845381809652 0.4503628812385572 0.492635889783681 0.4558043631479638 0.49760131957041126 0.45543014495009704 0.5019545050979365 0.45202906366792445 0.502668583281951 0.4462133635606511 0.49454009827438644 0.4402958295285681
0 0.4865809229047219 0.4009466094325931 0.48780541142313183 0.4070003356012045 0.4974982449352541 0.4081904659078955 0.5003889158830312 0.4006742251595359 0.49226043087546667 0.3947566911274529 0.4865809229047219 0.4009466094325931
0 0.5275963254300642 0.3794174671459573 0.5243314362844202 0.3819682781075868 0.5233793320390675 0.38972254491728464 0.525930143000697 0.3929874340629286 0.5308955727874272 0.39261321586506176 0.5357248104376289 0.3853350011780403 0.5334120255373376 0.38013154532997184 0.5275963254300642 0.3794174671459573
1 0.9577900644407412 0.5217731810607058 0.9135085320594072 0.4897708920751903 0.837428378542177 0.48436500908785013 0.8264092225868354 0.4859637158041269 0.8304225481282129 0.49334376441595795 0.8534816807076873 0.5138852035351744 0.8607598953947087 0.518714441185376 0.8676638918838633 0.5185782490488474 0.9368400489119388 0.5241203241727161 0.9564637419975217 0.5245620180836734 0.9577900644407412 0.5217731810607058
1 0.8717778106397029 0.46103349223531864 0.805390490634595 0.4568177395546694 0.7943713346792532 0.45841644627094624 0.8144036041744218 0.4795701296493676 0.8216818188614432 0.48439936729956923 0.8324629487554469 0.484739227285717 0.9016391057835224 0.4902813024095856 0.9107196950364399 0.4884445696319708 0.8717778106397029 0.46103349223531864
1 0.8356247632659336 0.4349487372818861 0.7731145766656747 0.4312090367239132 0.7640339874127575 0.4330457695015282 0.768047312954135 0.44042581811335924 0.7896439309538612 0.4568520977663885 0.8062407609551381 0.4579060359365508 0.8657240844710913 0.4622579807537286 0.8689889736167353 0.4597071697920992 0.8356247632659336 0.4349487372818861
0 0.6805075502809532 0.5123245771616592 0.6727532834712554 0.5113724729163065 0.6673118015618488 0.5156238245190222 0.6661216712551579 0.5253166580311446 0.6686724822167872 0.5285815471767885 0.6813921788132153 0.5291594332242744 0.6859833904020787 0.5238197852396774 0.6847589018836688 0.5177660590710658 0.6805075502809532 0.5123245771616592
0 0.5964007456809679 0.49215859695065706 0.5864698861075074 0.49290703334639063 0.5827289448391871 0.49933497771286894 0.5839534333575971 0.5053887038814805 0.5884428110216511 0.5088916190884627 0.5953468075108057 0.508755426951934 0.599699993038331 0.5053543456697616 0.6006520972836837 0.49760007886006374 0.5964007456809679 0.49215859695065706
0 0.49620628070375367 0.42672586261159695 0.49039058059648033 0.4260117844275825 0.4844730465643973 0.434140269435147 0.4865478054033504 0.44128229198563984 0.49345180189250504 0.4411460998491113 0.4995055280611166 0.43992161133070135 0.5004576323064693 0.43216734452100347 0.49620628070375367 0.42672586261159695
0 0.41318777248564975 0.4057096120800517 0.41199764217895896 0.41540244559217393 0.4178133422862323 0.41611652377618846 0.4192414986542613 0.40448512356164174 0.4164526616312937 0.4031588011184223 0.41318777248564975 0.4057096120800517
0 0.573783307012451 0.45199346474585783 0.5681037990417062 0.45818338305099804 0.5693282875601161 0.4642371092196097 0.5718790985217456 0.4675019983652535 0.5807216617133246 0.4676038322900632 0.5838503587224401 0.45814902483927905 0.5795990071197243 0.4527075429298725 0.573783307012451 0.45199346474585783
0 0.5946646061178151 0.41815320227237995 0.5937125018724625 0.4259074690820778 0.5962633128340918 0.42917235822772176 0.6051058760256709 0.4292741921525313 0.6065340323937 0.41764279193798454 0.5979294952634591 0.4156023913107506 0.5946646061178151 0.41815320227237995
0 0.6724796584878507 0.4414822377042166 0.6717655803038362 0.4472979378114899 0.6760169319065518 0.4527394197208965 0.6829209283957065 0.45260322758436783 0.6879881921072463 0.4433864461949219 0.6798597070996817 0.437468912162839 0.6724796584878507 0.4414822377042166