0 0.2834689144065102 0.5012987447085753 0.27903024763236906 0.5065885417829864 0.28182707070234964 0.5161467795714846 0.2935012273206123 0.5151254232111604 0.2944255637299986 0.5032810405328438 0.2912516854853519 0.5006178404683591 0.2834689144065102 0.5012987447085753
0 0.23526406723479498 0.532964321045926 0.22710424098128704 0.5405402630101556 0.2276149191614491 0.5463773413192868 0.2350206350656247 0.5525914748030843 0.24174544672958426 0.5510228372080401 0.24673139473844546 0.5407836951793257 0.24127137160398032 0.5343993356354744 0.23526406723479498 0.532964321045926
0 0.2548418287246587 0.5998719855654132 0.24705905764581698 0.6005528898056294 0.2408449241620195 0.6079586057098049 0.24152582840223555 0.6157413767886466 0.2489315443064112 0.6219555102724442 0.2576020487400812 0.6202166466173458 0.2629284488690504 0.6138688901280525 0.26207731856878036 0.6041404262795003 0.2548418287246587 0.5998719855654132
0 0.3501790098568188 0.7483779126199795 0.34045054600826663 0.7492290429202496 0.3322907197547587 0.7568049848844793 0.3313663833453724 0.768649367562796 0.3431741629691309 0.7803601272356168 0.3518446674028009 0.7786212635805184 0.360551774891029 0.7660959766619857 0.35970064459075896 0.7563675128134335 0.3501790098568188 0.7483779126199795
0 0.4099371798540373 0.6470810548022773 0.40177735360052935 0.6546569967665069 0.400512565071035 0.6626099939054028 0.41020442586502914 0.6725452868685671 0.41887493029869916 0.6708064232134687 0.4261470231973788 0.6642884406641214 0.4251256668370547 0.6526142840458588 0.4099371798540373 0.6470810548022773
0 0.541660403905069 0.6512414509363416 0.5338776328262271 0.6519223551765576 0.5276634993424297 0.6593280710807331 0.5263987108129353 0.6672810682196291 0.5360905716069294 0.6772163611827933 0.5467067688103098 0.675307271467641 0.5536384095888816 0.6648979033788727 0.5510118125789549 0.657285358360085 0.541660403905069 0.6512414509363416
0 0.9558751101096956 0.5228548357282286 0.9514364433355545 0.5281446328026396 0.9522875736358246 0.5378730966511919 0.9614687562496567 0.5419713113052249 0.9701392606833267 0.5402324476501266 0.9730092898624234 0.5282178389117559 0.9656035739582478 0.5220037054279584 0.9558751101096956 0.5228548357282286
0 0.12657251814200216 0.5679612124752407 0.11861952100310631 0.5666964239457465 0.11045969474959842 0.574272365909976 0.11114059898981452 0.5820551369888178 0.1185463148939901 0.5882692704726153 0.1272168193276601 0.586530406817517 0.13271344551668335 0.582128343097934 0.13186231521641326 0.5723998792493818 0.12657251814200216 0.5679612124752407
0 0.0755690833166549 0.7469155550213067 0.06584061946810267 0.7477666853215768 0.05785101927464884 0.7572883200555168 0.056756456805208466 0.767187009964123 0.06644831759920257 0.7771223029272873 0.07706451480258295 0.775213213212135 0.08433660770126264 0.7686952306627877 0.08509071805059498 0.7549051552147606 0.0755690833166549 0.7469155550213067
0 0.3837682297057099 0.5944741439109792 0.3758152325668141 0.5932093553814848 0.3676554063133062 0.6007852973457145 0.3685065366135763 0.6105137611942667 0.37379633368798737 0.6149524279684077 0.380691371412001 0.6153294831430738 0.3899091570803911 0.6086412745336724 0.389058026780121 0.5989128106851203 0.3837682297057099 0.5944741439109792
0 0.46283691518180026 0.5346207185464744 0.4564525556379488 0.5400807416809397 0.45518776710845443 0.5480337388198354 0.46064779024291963 0.5544180983636868 0.4694885207366436 0.554624927478299 0.47481492086561283 0.5482771709890056 0.4739637905653427 0.5385487071404534 0.46283691518180026 0.5346207185464744
0 0.4018395350805606 0.5321149553293073 0.3936797088270526 0.5396908972935369 0.3943606130672687 0.5474736683723787 0.4017663289714443 0.5536878018561762 0.4084911406354039 0.5521191642611318 0.41381754076437316 0.5457714077718385 0.413136636524157 0.5379886366929968 0.4018395350805606 0.5321149553293073
1 0.8489590277265592 0.5557358083277789 0.7403406847428826 0.5691598532302249 0.7318404063692666 0.5728444096550336 0.7394163483334962 0.5810042359085416 0.7849452062279902 0.6083903469027202 0.8344752588255794 0.6030767359864875 0.90718339859964 0.593774719579896 0.9176293697429664 0.5899199370950333 0.8489590277265592 0.5557358083277789
1 0.7998792364127523 0.5325815349931292 0.7951001175185032 0.5339799465281194 0.7957810217587193 0.5417627176069612 0.7931178216942347 0.5449365958516079 0.7738311200571844 0.5485845492218585 0.749801902580443 0.542844490863665 0.7421893575616552 0.5454710878735916 0.7353309228921997 0.534307609435491 0.6925256819585701 0.5380525827566794 0.6781883252758227 0.5422478173616503 0.6815324295805236 0.5468567101958454 0.7249453686452532 0.5724673544803676 0.7394529513880543 0.5702178126451072 0.8355094043986402 0.5588730835178675 0.8459553755419664 0.5550183010330046 0.7998792364127523 0.5325815349931292
1 0.7336652653462177 0.5040642584749522 0.7246543087924396 0.5019117365906296 0.6821895199789181 0.5095480954512389 0.633547200736157 0.5138037469525895 0.6308840006716723 0.5169776251972361 0.6732389803215197 0.54170053612693 0.6935836413734523 0.5389403161115076 0.7353309228921997 0.534307609435491 0.7374834447765223 0.525296652881713 0.7336652653462177 0.5040642584749522