0 0.29296875 0.3818359375 0.291015625 0.3740234375 0.2822265625 0.365234375 0.2744140625 0.365234375 0.265625 0.3720703125 0.263671875 0.3837890625 0.2724609375 0.39453125 0.28515625 0.3935546875 0.29296875 0.3818359375
0 0.5234375 0.5009765625 0.5234375 0.4873046875 0.5166015625 0.478515625 0.5029296875 0.4765625 0.4921875 0.4853515625 0.490234375 0.4990234375 0.5009765625 0.51171875 0.513671875 0.5107421875 0.5234375 0.5009765625
0 0.5625 0.4033203125 0.56640625 0.3955078125 0.564453125 0.3837890625 0.5576171875 0.37890625 0.5458984375 0.37890625 0.537109375 0.3896484375 0.537109375 0.3974609375 0.5458984375 0.408203125 0.556640625 0.4072265625 0.5625 0.4033203125
0 0.765625 0.4287109375 0.767578125 0.4189453125 0.7607421875 0.408203125 0.7470703125 0.40625 0.73828125 0.4130859375 0.736328125 0.4267578125 0.7431640625 0.435546875 0.755859375 0.4365234375 0.765625 0.4287109375
0 0.0185546875 0.744140625 0.02734375 0.7333984375 0.029296875 0.7138671875 0.0166015625 0.701171875 0.0009765625 0.701171875 0 0.7451171875 0.0029296875 0.748046875 0.009765625 0.7470703125 0.0185546875 0.744140625
0 0.373046875 0.3330078125 0.373046875 0.3212890625 0.3662109375 0.314453125 0.3564453125 0.314453125 0.349609375 0.3193359375 0.34765625 0.3310546875 0.3564453125 0.341796875 0.365234375 0.3408203125 0.373046875 0.3330078125
0 0.31640625 0.5009765625 0.31640625 0.4873046875 0.3076171875 0.478515625 0.2919921875 0.478515625 0.283203125 0.4892578125 0.283203125 0.4990234375 0.2939453125 0.51171875 0.306640625 0.5107421875 0.31640625 0.5009765625
0 0.470703125 0.7607421875 0.470703125 0.7412109375 0.4580078125 0.728515625 0.4404296875 0.728515625 0.427734375 0.7392578125 0.42578125 0.7587890625 0.4365234375 0.7734375 0.45703125 0.7744140625 0.470703125 0.7607421875
0 0.58203125 0.5947265625 0.58203125 0.5810546875 0.5693359375 0.568359375 0.5556640625 0.568359375 0.544921875 0.5771484375 0.54296875 0.5927734375 0.5556640625 0.607421875 0.5703125 0.6064453125 0.58203125 0.5947265625
0 0.103515625 0.4384765625 0.107421875 0.4248046875 0.103515625 0.4169921875 0.0966796875 0.412109375 0.0849609375 0.412109375 0.076171875 0.4189453125 0.07421875 0.4287109375 0.0830078125 0.44140625 0.095703125 0.4423828125 0.103515625 0.4384765625
0 0.794921875 0.6142578125 0.794921875 0.5986328125 0.7900390625 0.591796875 0.7783203125 0.5859375 0.7646484375 0.587890625 0.75390625 0.6005859375 0.75390625 0.6123046875 0.7685546875 0.626953125 0.78515625 0.6259765625 0.794921875 0.6142578125
0 0.73828125 0.4130859375 0.755859375 0.4052734375 0.7509765625 0.3984375 0.7412109375 0.396484375 0.728515625 0.4052734375 0.7265625 0.4150390625 0.73046875 0.4228515625 0.736328125 0.4248046875 0.73828125 0.4130859375
1 0.9990234375 0.35546875 0.9462890625 0.359375 0.943359375 0.3623046875 0.9931640625 0.396484375 1 0.3974609375 0.9990234375 0.35546875