0 0.318359375 0.4853515625 0.318359375 0.4794921875 0.3076171875 0.47265625 0.298828125 0.4794921875 0.298828125 0.4853515625 0.3037109375 0.4921875 0.3125 0.4931640625 0.318359375 0.4853515625
0 0.48828125 0.4853515625 0.4853515625 0.482421875 0.4736328125 0.482421875 0.470703125 0.4853515625 0.470703125 0.4951171875 0.4755859375 0.5 0.486328125 0.4990234375 0.48828125 0.4853515625
0 0.2890625 0.5498046875 0.291015625 0.5419921875 0.2861328125 0.53515625 0.2763671875 0.533203125 0.26953125 0.5380859375 0.267578125 0.5458984375 0.2763671875 0.556640625 0.28125 0.5556640625 0.2890625 0.5498046875
0 0.197265625 0.4482421875 0.19921875 0.4384765625 0.1943359375 0.43359375 0.1865234375 0.43359375 0.181640625 0.4384765625 0.181640625 0.4443359375 0.1865234375 0.451171875 0.193359375 0.4501953125 0.197265625 0.4482421875
0 0.142578125 0.4814453125 0.14453125 0.4677734375 0.1318359375 0.46484375 0.126953125 0.4697265625 0.126953125 0.4775390625 0.1337890625 0.484375 0.13671875 0.4833984375 0.142578125 0.4814453125
0 0.158203125 0.5478515625 0.158203125 0.5400390625 0.1513671875 0.533203125 0.1435546875 0.533203125 0.13671875 0.5400390625 0.138671875 0.5517578125 0.1435546875 0.5546875 0.154296875 0.5537109375 0.158203125 0.5478515625
0 0.2431640625 0.71875 0.25 0.7080078125 0.25 0.6962890625 0.2392578125 0.6875 0.2294921875 0.689453125 0.220703125 0.7001953125 0.22265625 0.7119140625 0.2294921875 0.71875 0.236328125 0.7197265625 0.2431640625 0.71875
0 0.32421875 0.6044921875 0.322265625 0.5947265625 0.3173828125 0.58984375 0.3056640625 0.58984375 0.298828125 0.5966796875 0.298828125 0.6064453125 0.3056640625 0.61328125 0.318359375 0.6123046875 0.32421875 0.6044921875
0 0.451171875 0.6162109375 0.44921875 0.6044921875 0.4423828125 0.599609375 0.4326171875 0.599609375 0.42578125 0.6083984375 0.427734375 0.6201171875 0.4306640625 0.623046875 0.4453125 0.6220703125 0.451171875 0.6162109375
0 0.025390625 0.5048828125 0.0234375 0.4970703125 0.0166015625 0.4921875 0.0068359375 0.494140625 0.00390625 0.4970703125 0.00390625 0.5068359375 0.0087890625 0.51171875 0.01953125 0.5107421875 0.025390625 0.5048828125
0 0.875 0.5009765625 0.875 0.4931640625 0.8701171875 0.48828125 0.8603515625 0.48828125 0.85546875 0.4931640625 0.857421875 0.5048828125 0.87109375 0.5048828125 0.875 0.5009765625
1 0.8017578125 0.55859375 0.8115234375 0.556640625 0.8125 0.5537109375 0.7509765625 0.51953125 0.6552734375 0.525390625 0.6357421875 0.52734375 0.6328125 0.5302734375 0.6357421875 0.53515625 0.6806640625 0.56640625 0.693359375 0.5673828125 0.8017578125 0.55859375
1 0.7255859375 0.521484375 0.7412109375 0.51953125 0.744140625 0.5166015625 0.6884765625 0.486328125 0.583984375 0.4970703125 0.5947265625 0.5078125 0.6220703125 0.525390625 0.6328125 0.5283203125 0.7255859375 0.521484375
1 0.6845703125 0.48828125 0.6875 0.4853515625 0.6416015625 0.458984375 0.5615234375 0.46484375 0.55859375 0.4677734375 0.560546875 0.4833984375 0.5654296875 0.48828125 0.5791015625 0.49609375 0.591796875 0.4951171875 0.6845703125 0.48828125