0 0.37579840789777835 0.31355677695300305 0.3660461663474407 0.31304568363031804 0.3609144989109294 0.31766625774414436 0.3606078429173184 0.3235176026743469 0.36697442801213825 0.3326523853955304 0.37385210642964306 0.33203492656637607 0.3778552217143152 0.33028891558538254 0.3803167633470677 0.3206388926995819 0.37579840789777835 0.31355677695300305
0 0.3129751873174695 0.3180875729280892 0.3032229457671319 0.31757647960540414 0.29809127833062055 0.32219705371923046 0.29768240367247256 0.3299988469595006 0.3023029777862989 0.3351305143960118 0.30907843753926667 0.33646350387692514 0.31728910543768485 0.32907058529480304 0.3157475317857653 0.3211665733899959 0.3129751873174695 0.3180875729280892
0 0.29584661455273886 0.38368728481862613 0.28609437300240115 0.38317619149594107 0.28096270556588987 0.3877967656097674 0.28045161224320486 0.39754900716010505 0.2869204160025617 0.4047333415712209 0.29379809442006655 0.40411588274206667 0.29985387667934316 0.40052164211554253 0.30231541831209563 0.3908716192297419 0.29584661455273886 0.38368728481862613
0 0.4658505672060892 0.4238897002589625 0.45414787734568407 0.4232763882717405 0.44686132427003117 0.4316956403411648 0.44645244961188324 0.4394974335814349 0.4547694830167705 0.4487344349671554 0.46359760974434294 0.44821919480253813 0.4717060589782241 0.44277672453048345 0.4723193709654461 0.43107403467007827 0.4658505672060892 0.4238897002589625
0 0.9167715330705134 0.25389673574763927 0.9069170728556386 0.25533609073502184 0.9017854054191273 0.2599566648488481 0.9012743120964423 0.2697089063991857 0.9078453345203362 0.274942792500234 0.9186239095579761 0.2745297710001538 0.9248841291463267 0.2670346337534947 0.9233425554944071 0.2591306218486875 0.9167715330705134 0.25389673574763927
0 0.3401019073809345 0.4349017405192022 0.3324023328052014 0.4325424175509867 0.323369768748555 0.436958554335739 0.32070378978672853 0.4505094738416748 0.3291230418561529 0.45779602691732757 0.3360007202736577 0.45717856808817325 0.3440069508430018 0.4536865461261863 0.3465707111402913 0.44208607493031815 0.3401019073809345 0.4349017405192022
0 0.027919665421728645 0.38333646594752985 0.01611475689678648 0.38467360227037534 0.013035756434879664 0.38744594673867117 0.012626881776731663 0.39524773997894125 0.019095685536088567 0.40243207439005707 0.02792381226366092 0.4019168342254399 0.03397959452293746 0.39832259359891575 0.03438846918108546 0.39052080035864567 0.027919665421728645 0.38333646594752985
0 0.16383773513923355 0.40219446232552497 0.15593372323442642 0.40373603597744445 0.1508020557979151 0.4083566100912708 0.15213919212076066 0.420161518616213 0.15871021454465445 0.4253954047172613 0.16753834127222686 0.424880164552644 0.17379856086057743 0.4173850273059849 0.1722569872086579 0.4094810154011778 0.16383773513923355 0.40219446232552497
0 0.2895173510353094 0.5417758165986328 0.27186109758016463 0.5428062969278673 0.2665249928145793 0.5513277676618287 0.2661161181564313 0.5591295609020988 0.2782318295169167 0.5705214479269607 0.2870599562444891 0.5700062077623435 0.2954750614719812 0.5587123925600863 0.2941379251491357 0.5469074840351441 0.2895173510353094 0.5417758165986328
0 0.14185512303807665 0.3365008254543155 0.1301524331776715 0.3358875134670935 0.12502076574116017 0.34050808758091994 0.12471410974754918 0.34635943251112244 0.13303114315243658 0.3555964338968428 0.13795837325987387 0.3548767564031516 0.14616904115829196 0.34748383782102943 0.14462746750637248 0.3395798259162223 0.14185512303807665 0.3365008254543155
0 0.1832151185237782 0.2936848876135025 0.17212988749252728 0.29994925404378525 0.1718232314989163 0.3058005989739878 0.17829203525827314 0.3129849333851037 0.18516971367577797 0.31236747455594943 0.18917282896045004 0.3106214635749559 0.19153215192866554 0.3029218889992228 0.1832151185237782 0.2936848876135025
0 0.02057236210086149 0.5795098491061218 0.00835443207583905 0.5700684103913274 0 0.5727889782196643 0 0.5986322387770096 0.0028180368231119704 0.6010711460233338 0.005794818620481784 0.6002492498651056 0.014725164012591139 0.5977835613904208 0.019959050113639493 0.5912125389665269 0.02057236210086149 0.5795098491061218
1 0.7641337652464257 0.2928366580199109 0.7486323974304224 0.2900684603935474 0.6384914709277403 0.3204786182479931 0.6507094009527628 0.3299200569627875 0.6869501695277498 0.34746579806953076 0.7034778708310552 0.349309880873129 0.8205986944157793 0.3163318158794614 0.8140276719918853 0.3110979297784131 0.7641337652464257 0.2928366580199109
1 0.6852897898435641 0.2671907613631511 0.6494661896105896 0.27900396357195784 0.5920854393023354 0.29164320878092503 0.5850033235557565 0.29616156423021434 0.6278151145546373 0.31894119143800587 0.6365410226176726 0.3203763995834561 0.7477082826076572 0.2890421269062451 0.6950420313939017 0.26770185468583607 0.6852897898435641 0.2671907613631511
1 0.6393989983827765 0.24718347862365544 0.6315972051425064 0.24677460396550738 0.5354160728039078 0.27204894754150954 0.540036646917734 0.2771806149780209 0.5496866698035346 0.2796421566107734 0.576277415492721 0.29472635608476405 0.5851055422202934 0.2942111159201468 0.6613733168000688 0.27571637893904477 0.6863161233308663 0.2662666465403859 0.6393989983827765 0.24718347862365544