0 0.42578125 0.5693359375 0.42578125 0.5615234375 0.4208984375 0.556640625 0.4150390625 0.556640625 0.408203125 0.5634765625 0.408203125 0.5693359375 0.4111328125 0.57421875 0.419921875 0.5751953125 0.42578125 0.5693359375
0 0.474609375 0.5419921875 0.474609375 0.5341796875 0.4716796875 0.53125 0.4599609375 0.533203125 0.458984375 0.5439453125 0.4619140625 0.546875 0.470703125 0.5458984375 0.474609375 0.5419921875
0 0.650390625 0.5888671875 0.650390625 0.5810546875 0.6474609375 0.576171875 0.6376953125 0.57421875 0.630859375 0.5791015625 0.630859375 0.5908203125 0.6357421875 0.595703125 0.64453125 0.5947265625 0.650390625 0.5888671875
0 0.587890625 0.5830078125 0.587890625 0.5732421875 0.5830078125 0.568359375 0.5771484375 0.568359375 0.568359375 0.5771484375 0.5703125 0.5849609375 0.5732421875 0.587890625 0.583984375 0.5869140625 0.587890625 0.5830078125
0 0.560546875 0.6396484375 0.5625 0.6279296875 0.5576171875 0.623046875 0.5458984375 0.623046875 0.541015625 0.6279296875 0.541015625 0.6376953125 0.5458984375 0.642578125 0.552734375 0.6435546875 0.560546875 0.6396484375
0 0.59765625 0.6884765625 0.59765625 0.6826171875 0.5927734375 0.67578125 0.5791015625 0.673828125 0.572265625 0.6787109375 0.5703125 0.6904296875 0.5751953125 0.697265625 0.591796875 0.6962890625 0.59765625 0.6884765625
0 0.7265625 0.7041015625 0.724609375 0.6943359375 0.7177734375 0.689453125 0.7060546875 0.689453125 0.697265625 0.7001953125 0.69921875 0.7099609375 0.7060546875 0.71484375 0.71875 0.7138671875 0.7265625 0.7041015625
1 0.880859375 0.5712890625 0.8779296875 0.56640625 0.8232421875 0.568359375 0.81640625 0.5712890625 0.8564453125 0.599609375 0.865234375 0.5986328125 0.880859375 0.5712890625
1 0.9912109375 0.626953125 0.9990234375 0.62890625 1 0.6044921875 0.9794921875 0.59375 0.9677734375 0.59375 0.9052734375 0.59765625 0.8984375 0.6064453125 0.8984375 0.6103515625 0.9111328125 0.623046875 0.9208984375 0.625 0.9248046875 0.630859375 0.955078125 0.6298828125 0.9912109375 0.626953125
1 0.9697265625 0.595703125 0.9765625 0.5927734375 0.9365234375 0.5703125 0.9189453125 0.56640625 0.904296875 0.5908203125 0.904296875 0.5966796875 0.931640625 0.5966796875 0.9697265625 0.595703125
1 0.9990234375 0.62890625 0.9248046875 0.630859375 0.919921875 0.6337890625 0.9248046875 0.640625 0.9755859375 0.671875 1 0.6708984375 0.9990234375 0.62890625