1 0.9951171875 0.396484375 1 0.3935546875 0.9990234375 0.35546875 0.9072265625 0.361328125 0.896484375 0.3642578125 0.9482421875 0.3984375 0.96875 0.3974609375 0.9951171875 0.396484375
1 0.9990234375 0.39453125 0.955078125 0.3994140625 0.9697265625 0.412109375 0.9970703125 0.4296875 1 0.4287109375 0.9990234375 0.39453125
0 0.765625 0.4130859375 0.765625 0.4013671875 0.7587890625 0.396484375 0.7509765625 0.396484375 0.744140625 0.4013671875 0.7421875 0.4111328125 0.7490234375 0.419921875 0.759765625 0.4189453125 0.765625 0.4130859375
0 0.587890625 0.4658203125 0.587890625 0.4580078125 0.5830078125 0.451171875 0.5712890625 0.44921875 0.5625 0.4560546875 0.5625 0.4658203125 0.5693359375 0.474609375 0.580078125 0.4736328125 0.587890625 0.4658203125
0 0.6142578125 0.3984375 0.619140625 0.3916015625 0.619140625 0.3837890625 0.6142578125 0.376953125 0.6025390625 0.376953125 0.59765625 0.3818359375 0.59765625 0.3935546875 0.6025390625 0.3984375 0.609375 0.3994140625 0.6142578125 0.3984375
0 0.2255859375 0.638671875 0.232421875 0.6259765625 0.23046875 0.6162109375 0.2197265625 0.607421875 0.2080078125 0.609375 0.19921875 0.6201171875 0.19921875 0.6298828125 0.203125 0.6357421875 0.2099609375 0.642578125 0.216796875 0.6416015625 0.2255859375 0.638671875
0 0.287109375 0.4189453125 0.287109375 0.4072265625 0.2783203125 0.400390625 0.2685546875 0.40234375 0.263671875 0.4072265625 0.265625 0.4208984375 0.2685546875 0.423828125 0.283203125 0.4228515625 0.287109375 0.4189453125
0 0.62890625 0.5361328125 0.62890625 0.5244140625 0.6201171875 0.515625 0.6083984375 0.515625 0.599609375 0.5244140625 0.599609375 0.5361328125 0.6103515625 0.544921875 0.619140625 0.5439453125 0.62890625 0.5361328125
0 0.78515625 0.5478515625 0.78515625 0.5380859375 0.7744140625 0.529296875 0.7646484375 0.529296875 0.7578125 0.5341796875 0.75390625 0.5419921875 0.7578125 0.5537109375 0.7646484375 0.55859375 0.779296875 0.5576171875 0.78515625 0.5478515625
0 0.677734375 0.4130859375 0.677734375 0.4013671875 0.6708984375 0.396484375 0.6611328125 0.396484375 0.654296875 0.4052734375 0.654296875 0.4111328125 0.6630859375 0.419921875 0.671875 0.4189453125 0.677734375 0.4130859375
0 0.43359375 0.4716796875 0.4375 0.4580078125 0.4326171875 0.451171875 0.4208984375 0.44921875 0.4140625 0.4541015625 0.4140625 0.4677734375 0.4208984375 0.474609375 0.4296875 0.4736328125 0.43359375 0.4716796875
0 0.546875 0.6513671875 0.546875 0.6396484375 0.5361328125 0.630859375 0.5244140625 0.630859375 0.513671875 0.6416015625 0.513671875 0.6533203125 0.5244140625 0.666015625 0.537109375 0.6650390625 0.546875 0.6513671875
0 0.478515625 0.3369140625 0.4716796875 0.330078125 0.4677734375 0.330078125 0.4609375 0.3349609375 0.4609375 0.3447265625 0.4658203125 0.349609375 0.474609375 0.3486328125 0.478515625 0.3369140625
0 0.421875 0.3759765625 0.4111328125 0.3671875 0.4033203125 0.369140625 0.3984375 0.3779296875 0.40234375 0.3857421875 0.4052734375 0.388671875 0.416015625 0.3876953125 0.421875 0.3759765625