0 0.3532423367889934 0.5995182235896643 0.34357175018018904 0.6008773359037275 0.33941601303281843 0.6063921853651613 0.3405033028840689 0.6141286546522048 0.3482240921300762 0.6199466866585237 0.354857591524833 0.6180282493777991 0.3598444761016777 0.6114104300240786 0.3587571862504272 0.603673960737035 0.3532423367889934 0.5995182235896643
0 0.3861693713820371 0.5741812761491415 0.3924996882319088 0.5841393652617948 0.40300142227018726 0.5816772830554449 0.4022016349227856 0.5689696092325928 0.39032510852940777 0.5686664266877077 0.3861693713820371 0.5741812761491415
0 0.3735453595295628 0.6597790431091367 0.3619406555989975 0.6614099778860124 0.3577849184516269 0.6669248273474462 0.35914403076569 0.6765954139562507 0.36686482001169735 0.6824134459625696 0.3754324367282149 0.6802231862190322 0.3801474988422471 0.6716712495435508 0.37685426920642306 0.6622724853975591 0.3735453595295628 0.6597790431091367
0 0.49593839572612347 0.646522462595463 0.4843336917955582 0.6481533973723387 0.4804497771110001 0.6556023641555334 0.48594894653139775 0.6666634231604733 0.49119197353001887 0.6688850429860832 0.49782547292477564 0.6669666057053585 0.5025405350388078 0.6584146690298771 0.5014532451875573 0.6506781997428336 0.49593839572612347 0.646522462595463
0 0.5134708919502613 0.5888334855695943 0.5076685399849786 0.5896489529580321 0.5018505079786598 0.5973697422040394 0.5026659753670977 0.6031720941693219 0.508452647291344 0.6092619486384534 0.5189543813296227 0.6067998664321036 0.5222789710475191 0.6023879868629566 0.5209198587334559 0.5927174002541522 0.5134708919502613 0.5888334855695943
0 0.57644993609786 0.5878716360466336 0.5667793494890556 0.5892307483606968 0.562623612341685 0.5947455978221304 0.5634390797301229 0.6005479497874131 0.5692257516543692 0.6066378042565447 0.5780651908336996 0.6063816618347684 0.5816616030144086 0.6039038995873821 0.5819647855592938 0.5920273731940042 0.57644993609786 0.5878716360466336
0 0.19339020786714864 0.8093543255869602 0.19004993810821588 0.8206715270136765 0.1939024927107014 0.8270332039456207 0.21987716532306698 0.8223965420367698 0.21576846829880508 0.8071954259254955 0.20638538419384952 0.80358333370375 0.19339020786714864 0.8093543255869602
0 0.24432540168061392 0.6384933342939274 0.23272069775004867 0.6401242690708031 0.23022725546162626 0.6434331787476634 0.23185819023850204 0.6550378826782286 0.24400653909469255 0.6572751825448746 0.2506400384894494 0.65535674526415 0.2523180133894338 0.6462454836220071 0.24432540168061392 0.6384933342939274
0 0.530083422263904 0.693003998481869 0.5206846581179123 0.6962972281176929 0.5165289209705417 0.7018120775791268 0.5181598557474174 0.7134167815096921 0.5258806449934247 0.7192348135160109 0.540250613675225 0.7162290863840358 0.5433033809303089 0.7098830894931278 0.5394665063688596 0.6966160907036144 0.530083422263904 0.693003998481869
1 0.8439331315085592 0.540417727106874 0.7552355571703713 0.5548556777180157 0.7372691763078618 0.560339167097377 0.7847282417582647 0.5822678628496256 0.8029664450835868 0.5787184907920252 0.8963634014947706 0.5626339253629714 0.896922726461432 0.5595968381489238 0.8439331315085592 0.540417727106874
1 0.902165753460053 0.5618184579745336 0.8095999444783436 0.5768000535113006 0.7916335636158343 0.5822835428906619 0.7952142957555071 0.5867111025008451 0.8393644515290495 0.6061463559646713 0.8750097107502196 0.6001505817417573 0.961501345303834 0.5840503362716672 0.9496404989514924 0.5768418318692128 0.902165753460053 0.5618184579745336
1 0.8509691554596148 0.6045154211877956 0.8465415958494317 0.6080961533274685 0.8564683248800126 0.6155764801927356 0.9069644775444632 0.6380645009116457 0.9271367981915459 0.6342433063912326 1 0.6216950073685239 1 0.5961023314105778 0.9684066671614036 0.5840660163127035 0.8509691554596148 0.6045154211877956