0 0.6171875 0.5595703125 0.6171875 0.5498046875 0.6142578125 0.546875 0.5986328125 0.55078125 0.59375 0.5576171875 0.59375 0.5634765625 0.5986328125 0.568359375 0.609375 0.5673828125 0.6171875 0.5595703125
0 0.556640625 0.5517578125 0.556640625 0.5439453125 0.5537109375 0.541015625 0.5439453125 0.541015625 0.533203125 0.5498046875 0.5380859375 0.560546875 0.546875 0.5595703125 0.556640625 0.5517578125
0 0.52734375 0.6123046875 0.52734375 0.6025390625 0.5224609375 0.59765625 0.5146484375 0.59765625 0.50390625 0.6064453125 0.50390625 0.6162109375 0.5107421875 0.62109375 0.517578125 0.6201171875 0.52734375 0.6123046875
0 0.228515625 0.7333984375 0.2265625 0.7216796875 0.2177734375 0.716796875 0.2041015625 0.72265625 0.1953125 0.7333984375 0.197265625 0.7412109375 0.2041015625 0.748046875 0.216796875 0.7470703125 0.228515625 0.7333984375
0 0.560546875 0.6689453125 0.560546875 0.6591796875 0.5537109375 0.65234375 0.5458984375 0.65234375 0.5361328125 0.658203125 0.529296875 0.6689453125 0.5361328125 0.6796875 0.548828125 0.6787109375 0.560546875 0.6689453125
0 0.6826171875 0.693359375 0.6875 0.6865234375 0.689453125 0.6787109375 0.6845703125 0.669921875 0.6708984375 0.669921875 0.6630859375 0.673828125 0.65625 0.6826171875 0.65625 0.6884765625 0.6630859375 0.697265625 0.67578125 0.6962890625 0.6826171875 0.693359375
0 0.28515625 0.5634765625 0.287109375 0.5517578125 0.2841796875 0.548828125 0.2744140625 0.548828125 0.259765625 0.5595703125 0.259765625 0.5673828125 0.2646484375 0.572265625 0.271484375 0.5712890625 0.28515625 0.5634765625
0 0.4453125 0.5087890625 0.4443359375 0.498046875 0.4326171875 0.498046875 0.421875 0.5107421875 0.4248046875 0.517578125 0.435546875 0.5166015625 0.4453125 0.5087890625
0 0.392578125 0.5419921875 0.396484375 0.5341796875 0.39453125 0.5283203125 0.3896484375 0.525390625 0.3818359375 0.52734375 0.373046875 0.5361328125 0.373046875 0.5439453125 0.3759765625 0.546875 0.38671875 0.5458984375 0.392578125 0.5419921875
0 0.40625 0.6064453125 0.40625 0.5986328125 0.3994140625 0.591796875 0.3857421875 0.595703125 0.37890625 0.6025390625 0.37890625 0.6083984375 0.3837890625 0.615234375 0.39453125 0.6162109375 0.40625 0.6064453125
0 0.490234375 0.7607421875 0.490234375 0.7548828125 0.4833984375 0.74609375 0.4697265625 0.74609375 0.45703125 0.7587890625 0.45703125 0.7685546875 0.4638671875 0.775390625 0.474609375 0.7763671875 0.490234375 0.7607421875
1 0.9990234375 0.603515625 0.8876953125 0.607421875 0.884765625 0.6103515625 0.9384765625 0.650390625 0.998046875 0.6494140625 0.9990234375 0.603515625
1 0.9892578125 0.603515625 0.994140625 0.5986328125 0.9423828125 0.568359375 0.833984375 0.5751953125 0.8369140625 0.580078125 0.8779296875 0.607421875 0.90234375 0.6064453125 0.9892578125 0.603515625
1 0.9306640625 0.5703125 0.9365234375 0.568359375 0.939453125 0.5634765625 0.8916015625 0.53515625 0.8447265625 0.5390625 0.7880859375 0.5390625 0.78125 0.5419921875 0.7822265625 0.546875 0.7939453125 0.55078125 0.8232421875 0.572265625 0.84765625 0.5732421875 0.9306640625 0.5703125