0 0.76171875 0.4013671875 0.76171875 0.3935546875 0.7568359375 0.388671875 0.7470703125 0.390625 0.744140625 0.4013671875 0.7490234375 0.40625 0.7578125 0.4052734375 0.76171875 0.4013671875
0 0.771484375 0.4697265625 0.7734375 0.4619140625 0.7685546875 0.455078125 0.7587890625 0.453125 0.751953125 0.4599609375 0.751953125 0.4697265625 0.7568359375 0.474609375 0.763671875 0.4755859375 0.771484375 0.4697265625
0 0.859375 0.6298828125 0.859375 0.6162109375 0.8505859375 0.609375 0.8388671875 0.609375 0.830078125 0.6201171875 0.830078125 0.6279296875 0.8388671875 0.638671875 0.849609375 0.6396484375 0.859375 0.6298828125
0 0.81640625 0.3701171875 0.8134765625 0.365234375 0.8056640625 0.36328125 0.798828125 0.3681640625 0.798828125 0.3779296875 0.8017578125 0.380859375 0.810546875 0.3798828125 0.81640625 0.3701171875
0 0.595703125 0.5771484375 0.59765625 0.5654296875 0.5908203125 0.556640625 0.5771484375 0.556640625 0.5703125 0.5654296875 0.5703125 0.5732421875 0.5771484375 0.58203125 0.587890625 0.5830078125 0.595703125 0.5771484375
0 0.904296875 0.4833984375 0.90625 0.4755859375 0.8994140625 0.46875 0.8876953125 0.46875 0.8828125 0.4755859375 0.8828125 0.4833984375 0.8896484375 0.490234375 0.8984375 0.4892578125 0.904296875 0.4833984375
0 0.9375 0.4267578125 0.9375 0.4169921875 0.9326171875 0.412109375 0.9248046875 0.412109375 0.91796875 0.4169921875 0.91796875 0.4287109375 0.9248046875 0.43359375 0.931640625 0.4326171875 0.9375 0.4267578125
0 1 0.4248046875 0.9931640625 0.423828125 0.986328125 0.4287109375 0.984375 0.4384765625 0.9931640625 0.4453125 1 0.4443359375 1 0.4248046875
0 0.650390625 0.4189453125 0.650390625 0.4091796875 0.6455078125 0.404296875 0.6376953125 0.404296875 0.6328125 0.4072265625 0.630859375 0.4169921875 0.6357421875 0.423828125 0.64453125 0.4228515625 0.650390625 0.4189453125
0 0.6435546875 0.404296875 0.63671875 0.4072265625 0.6376953125 0.41015625 0.64453125 0.4091796875 0.6435546875 0.404296875
0 0.939453125 0.5439453125 0.939453125 0.5341796875 0.9287109375 0.525390625 0.9189453125 0.52734375 0.912109375 0.5361328125 0.916015625 0.5478515625 0.9208984375 0.55078125 0.93359375 0.5498046875 0.939453125 0.5439453125