0 0.2948430064587879 0.4307323613276421 0.2889239751019731 0.4342888741727414 0.28845656543064047 0.4442369220769984 0.29982721847293725 0.447071944291057 0.3045573495273787 0.4361737949511033 0.30242344182031916 0.43262237613701454 0.2948430064587879 0.4307323613276421
0 0.23895512477603154 0.44497878883208075 0.22877337203610804 0.44948540311287666 0.22735586092907875 0.45517072963402505 0.2323349789122177 0.4634573735335657 0.23920411170472908 0.46416358207157515 0.24725195673759298 0.4561055489766904 0.24416794759483684 0.44829140877949286 0.23895512477603154 0.44497878883208075
0 0.23568325707670262 0.5146151241618806 0.2281028217151714 0.5127251093525083 0.21981617781563076 0.5177042273356471 0.21792616300625833 0.5252846626971783 0.2229052809893973 0.5335713065967191 0.23166952262229148 0.5347500188370716 0.23877236025046916 0.5304822034229526 0.24113487876218467 0.5210066592210385 0.23568325707670262 0.5146151241618806
0 0.27747753218533233 0.6860689868909153 0.26800198798341834 0.6837064683791999 0.2578202352434949 0.6882130826599957 0.25309010418905353 0.6991112319999494 0.26044192874592875 0.7140282098253248 0.26920617037882294 0.7152069220656773 0.2815167367947956 0.7061987875350959 0.2838792553065111 0.6967232433331819 0.27747753218533233 0.6860689868909153
0 0.36695902301354255 0.6097462832941665 0.35677727027361905 0.6142528975749622 0.3529921466238638 0.6213608292341504 0.3589213660426994 0.6339101945167999 0.36768560767559355 0.6350889067571523 0.3766835541441541 0.6312935950453763 0.37951857635821273 0.6199229420030794 0.36695902301354255 0.6097462832941665
0 0.4901512857004457 0.6565649020742166 0.4825708503389145 0.6546748872648442 0.4742842064393738 0.6596540052479831 0.4704990827896186 0.6667619369071713 0.4764283022084542 0.6793113021898207 0.48708765268173104 0.6809625181325163 0.4970306065549779 0.6733769887399748 0.4970255125239674 0.6653240496761004 0.4901512857004457 0.6565649020742166
0 0.9235975780736402 0.6700280899846777 0.9176785467168255 0.673584602829777 0.91531602820511 0.683060147031691 0.9226627587309748 0.6899241857931919 0.9314270003638689 0.6911028980335445 0.9380522402586934 0.6806772523959339 0.9330731222755542 0.6723906084963931 0.9235975780736402 0.6700280899846777
0 0.1247913727437513 0.4426824927235004 0.11768344108456319 0.4388973690737453 0.10750168834463972 0.44340398335454106 0.1056116735352673 0.45098441871607226 0.11059079151840626 0.459271062615613 0.11935503315130043 0.46044977485596555 0.12598536707713506 0.4580770682822293 0.12834788558885055 0.4486015240803153 0.1247913727437513 0.4426824927235004
0 0.01830484266219995 0.5952820536379047 0.008829298460285896 0.5929195351261892 0 0.5982247128646156 0 0.6208974215976456 0.01050598455803351 0.6225248799722838 0.01950393102659409 0.6187295682605078 0.024706565783378577 0.6059363100801713 0.01830484266219995 0.5952820536379047
0 0.3593429294349385 0.5514856950376738 0.35223499777575035 0.5477005713879185 0.3420532450358269 0.5522071856687145 0.3396907265241114 0.5616827298706284 0.34324723936921064 0.5676017612274432 0.3496438684593789 0.5702030786058354 0.36053692376832225 0.5668802705964026 0.36289944228003773 0.5574047263944886 0.3593429294349385 0.5514856950376738
0 0.45359020953466284 0.5206354155480912 0.44577606933746533 0.5237194246908474 0.44199094568771014 0.5308273563500356 0.4450749548304662 0.5386414965472331 0.4533666927610174 0.5417153176279685 0.460469530389195 0.5374475022138494 0.46283204890091056 0.5279719580119353 0.45359020953466284 0.5206354155480912
0 0.3967318502921683 0.49840736541392394 0.3865500975522448 0.5029139796947197 0.38466008274287244 0.510494415056251 0.3896392007260114 0.5187810589557917 0.3965083335185227 0.5194872674938013 0.4036111711467004 0.5152194520796821 0.4055011859560729 0.5076390167181508 0.3967318502921683 0.49840736541392394
1 0.811801438584086 0.6663091887380577 0.7047303361179627 0.6436391990876096 0.6954935907827253 0.6443555956876399 0.7000002050635212 0.6545373484275634 0.7341325403144533 0.6952541713252365 0.7826940675953864 0.7063554613147941 0.8544694046632564 0.7212316868920862 0.8656012588388764 0.720987793994399 0.811801438584086 0.6663091887380577
1 0.772933878247702 0.628437576116464 0.7679598542955735 0.6282038712807976 0.766069839486201 0.6357843066423289 0.7625184206721122 0.6379182143493883 0.7430948285659411 0.6350882861663403 0.7222435372907198 0.6218378063766917 0.7141905982268455 0.6218429004077022 0.7113402939197556 0.6090547362583761 0.669647899431334 0.5986596548068277 0.6547258275749482 0.5979585402998288 0.6563872315796646 0.6034050679543005 0.6890969616925571 0.6417542783092476 0.7035465298465996 0.6443505016566295 0.7980631729990633 0.6648967716620388 0.8091950271746834 0.6646528787643516 0.772933878247702 0.628437576116464
1 0.7196116557262651 0.5799168010836141 0.7117924214980571 0.574947871162496 0.6691550196049493 0.5683430073917133 0.6217772985953791 0.5565304148331357 0.6182258797812902 0.5586643225401954 0.6502243073251628 0.5958297266237796 0.6703592020003538 0.5998434610781909 0.7113402939197556 0.6090547362583761 0.7163092238408738 0.6012355020301681 0.7196116557262651 0.5799168010836141