1 0.5263671875 0.564453125 0.5361328125 0.5625 0.537109375 0.5595703125 0.4951171875 0.53515625 0.3974609375 0.5390625 0.390625 0.5419921875 0.4306640625 0.5703125 0.443359375 0.5693359375 0.5263671875 0.564453125
1 0.5537109375 0.595703125 0.5869140625 0.595703125 0.59375 0.5927734375 0.5830078125 0.583984375 0.5498046875 0.578125 0.548828125 0.5693359375 0.5419921875 0.5625 0.4404296875 0.568359375 0.435546875 0.5712890625 0.4736328125 0.599609375 0.484375 0.6025390625 0.5537109375 0.595703125
1 0.658203125 0.6298828125 0.5966796875 0.59375 0.4873046875 0.6015625 0.484375 0.6044921875 0.5322265625 0.640625 0.541015625 0.6416015625 0.658203125 0.6298828125
0 0.712890625 0.5830078125 0.71484375 0.5751953125 0.7080078125 0.56640625 0.7001953125 0.56640625 0.693359375 0.5732421875 0.693359375 0.5771484375 0.6982421875 0.583984375 0.708984375 0.5849609375 0.712890625 0.5830078125
0 0.298828125 0.6923828125 0.298828125 0.6826171875 0.2919921875 0.67578125 0.2802734375 0.67578125 0.2734375 0.6806640625 0.271484375 0.6923828125 0.2822265625 0.701171875 0.291015625 0.7001953125 0.298828125 0.6923828125
0 0.166015625 0.6826171875 0.166015625 0.6728515625 0.1591796875 0.666015625 0.1455078125 0.666015625 0.138671875 0.6728515625 0.138671875 0.6845703125 0.1474609375 0.69140625 0.158203125 0.6904296875 0.166015625 0.6826171875
0 0.0791015625 0.76953125 0.0654296875 0.76953125 0.0546875 0.7783203125 0.0556640625 0.78125 0.087890625 0.7802734375 0.0791015625 0.76953125
0 0.037109375 0.5166015625 0.037109375 0.5087890625 0.0322265625 0.50390625 0.0224609375 0.50390625 0.017578125 0.5087890625 0.017578125 0.5146484375 0.0244140625 0.521484375 0.03125 0.5205078125 0.037109375 0.5166015625
0 0.2265625 0.5673828125 0.2265625 0.5556640625 0.2119140625 0.552734375 0.20703125 0.5634765625 0.2119140625 0.5703125 0.21875 0.5712890625 0.2265625 0.5673828125
0 0.162109375 0.5595703125 0.162109375 0.5517578125 0.1572265625 0.546875 0.1455078125 0.546875 0.142578125 0.5498046875 0.142578125 0.5615234375 0.1494140625 0.56640625 0.15625 0.5654296875 0.162109375 0.5595703125
0 0.130859375 0.6240234375 0.130859375 0.6142578125 0.1220703125 0.607421875 0.1162109375 0.607421875 0.111328125 0.6103515625 0.107421875 0.6220703125 0.1142578125 0.630859375 0.125 0.6298828125 0.130859375 0.6240234375