1 0.6662221522454287 0.42554358859648855 0.5480863907921194 0.46083537899259086 0.5382785611538321 0.4661064451958509 0.5422315547730461 0.47020507523578703 0.5930318054753162 0.4905489166159723 0.6166004583711043 0.4841054142493884 0.7259527416628794 0.44983919946296336 0.7319544382355991 0.4454468483157341 0.6662221522454287 0.42554358859648855
1 0.8130581170416855 0.46681259290682364 0.7350287167987823 0.44573934529010284 0.6018152836368503 0.4895233410062951 0.602693998692881 0.49332947407186245 0.6127955494384613 0.49801309806053606 0.6631564426127159 0.5164538729079377 0.6795521869053848 0.5136708671861989 0.8017865783986302 0.4744260831708826 0.8127656200673169 0.4698868714700068 0.8130581170416855 0.46681259290682364
1 0.8203778861984515 0.4681294413579454 0.6821871079405526 0.512060297627784 0.6742823448350491 0.5168920063030287 0.682920186575861 0.5239180543525015 0.7468962665868945 0.5492380166957291 0.7690012104779143 0.5451369383899444 0.8726442941713385 0.5121887961875653 0.913925539810917 0.49564251894247685 0.8203778861984515 0.4681294413579454
0 0.45395986389553783 0.5046157023100101 0.4507399489116325 0.5123748289947911 0.4524973790236939 0.5199870951259259 0.46347764482530485 0.5284768521801669 0.4680156323932564 0.5264269250937367 0.4655251236458864 0.5069569022378847 0.4615721300266725 0.5028582721979487 0.45395986389553783 0.5046157023100101
0 0.0868087629573158 0.5292442065373573 0.07685407276538211 0.5295379276446505 0.07129173372067765 0.5358333453246634 0.07158545482797082 0.545788035516597 0.08022329656878273 0.5528140835660698 0.08856741720230155 0.5498854414236088 0.09193419273985352 0.5471036598347945 0.09354353816534407 0.5367096121148454 0.0868087629573158 0.5292442065373573
0 0.025621809332642874 0.5854648322623827 0.014203410135940852 0.5881009774304748 0.009080428619251839 0.5962994616432713 0.010837858731313285 0.6039117277744059 0.021378767004908816 0.6104984182958634 0.02972288763842763 0.6075697761534025 0.0341140146527326 0.6005425039710054 0.03147786948464044 0.5891241047743033 0.025621809332642874 0.5854648322623827
0 0.06339921194441775 0.6709547415510764 0.05154145521970046 0.6716878201863851 0.04451540717022774 0.6803256619271969 0.045248485805536275 0.6921834186519142 0.05388632754634819 0.6992094667013871 0.0664759387734497 0.697305176035679 0.07233077479252284 0.6879354797924828 0.07247641121324512 0.6798838561333329 0.06339921194441775 0.6709547415510764
0 0.2114186301003178 0.8432452879149643 0.20292887304607676 0.8542255537165753 0.20453944260449167 0.856860474751743 0.23572036163141438 0.8486595422730978 0.22942494395140142 0.8430972032283932 0.2209339627642361 0.8410485002748874 0.2114186301003178 0.8432452879149643
0 0.4658335343482718 0.6732592174912205 0.45719569260745985 0.6662331694417478 0.44343486934995885 0.6674056056050717 0.4349451122957178 0.6783858714066826 0.4347994758749956 0.6864374950658326 0.448561523265421 0.6982940276576256 0.4573450014269551 0.6972684520479483 0.46378605552769026 0.6947791674335028 0.467445328039611 0.6889231072815052 0.4658335343482718 0.6732592174912205
0 0.28665033502639 0.6915751661776139 0.2771350023624717 0.6937719538176907 0.269084602836246 0.7066552861520854 0.2717207480043382 0.7180736853487873 0.2841647228107175 0.7242210183422294 0.2963149765098036 0.7204136611437377 0.30216981252887687 0.7110439649005416 0.2990943098327693 0.697722499171056 0.28665033502639 0.6915751661776139
0 0.9551982165200255 0.38789346041157047 0.9431935992416614 0.3836491939509121 0.936020690638542 0.38730969059575726 0.9313370666498683 0.3974112413413375 0.9354369208227288 0.4064872164772404 0.9412929809747264 0.4101464889891612 0.9481733926034769 0.4095602709074993 0.9527113801714284 0.40751034382106904 0.9573950041601021 0.39740879307548876 0.9551982165200255 0.38789346041157047
0 0.24667124824284087 0.5444540492045344 0.23905898211170618 0.5462114793165959 0.23393600059501715 0.5544099635293924 0.23613278823509395 0.5639252961933108 0.2443312724478905 0.5690482777099998 0.254578459614193 0.5656802780395235 0.2585302291004825 0.5567499393243427 0.2567727989884211 0.549137673193208 0.24667124824284087 0.5444540492045344
0 0.23042970930136475 0.6303882125529411 0.2156445345671108 0.6358061393098475 0.2124246195832054 0.6435652659946288 0.21696383128408123 0.6545443076633154 0.22516231549687782 0.6596672891800045 0.23731256919596394 0.6558599319815128 0.2412643386822535 0.646929593266332 0.23584641192534694 0.6321444185320781 0.23042970930136475 0.6303882125529411