0 0.369140625 0.3369140625 0.37109375 0.3271484375 0.3662109375 0.3203125 0.3564453125 0.3203125 0.3515625 0.3251953125 0.3515625 0.3310546875 0.3583984375 0.33984375 0.365234375 0.3388671875 0.369140625 0.3369140625
0 0.30859375 0.3388671875 0.306640625 0.3310546875 0.3037109375 0.328125 0.2939453125 0.328125 0.2890625 0.3330078125 0.2890625 0.3408203125 0.2939453125 0.345703125 0.30078125 0.3466796875 0.30859375 0.3388671875
0 0.294921875 0.4111328125 0.296875 0.4013671875 0.2900390625 0.39453125 0.2802734375 0.39453125 0.275390625 0.3994140625 0.275390625 0.4091796875 0.2822265625 0.416015625 0.2890625 0.4150390625 0.294921875 0.4111328125
0 0.46875 0.4443359375 0.46875 0.4326171875 0.4619140625 0.42578125 0.4501953125 0.42578125 0.443359375 0.4345703125 0.443359375 0.4423828125 0.4521484375 0.451171875 0.4609375 0.4501953125 0.46875 0.4443359375
0 0.912109375 0.2451171875 0.91015625 0.2373046875 0.9033203125 0.232421875 0.8935546875 0.234375 0.888671875 0.2392578125 0.888671875 0.2490234375 0.8955078125 0.25390625 0.90625 0.2529296875 0.912109375 0.2451171875
0 0.341796875 0.4619140625 0.34375 0.4501953125 0.3369140625 0.443359375 0.3291015625 0.44140625 0.3203125 0.4462890625 0.318359375 0.4599609375 0.3271484375 0.466796875 0.333984375 0.4658203125 0.341796875 0.4619140625
0 0.029296875 0.4228515625 0.029296875 0.4150390625 0.0224609375 0.408203125 0.0107421875 0.41015625 0.0078125 0.4130859375 0.0078125 0.4208984375 0.0146484375 0.427734375 0.0234375 0.4267578125 0.029296875 0.4228515625
0 0.169921875 0.4345703125 0.16796875 0.4267578125 0.1591796875 0.419921875 0.1513671875 0.421875 0.146484375 0.4267578125 0.1484375 0.4384765625 0.1552734375 0.443359375 0.1640625 0.4423828125 0.169921875 0.4345703125
0 0.298828125 0.5693359375 0.296875 0.5576171875 0.2919921875 0.552734375 0.2744140625 0.5546875 0.26953125 0.5634765625 0.26953125 0.5712890625 0.2822265625 0.58203125 0.291015625 0.5810546875 0.298828125 0.5693359375
0 0.138671875 0.3662109375 0.13671875 0.3583984375 0.1337890625 0.35546875 0.1220703125 0.35546875 0.1171875 0.3603515625 0.1171875 0.3662109375 0.1259765625 0.375 0.130859375 0.3740234375 0.138671875 0.3662109375
0 0.1796875 0.3271484375 0.181640625 0.3193359375 0.1728515625 0.310546875 0.162109375 0.3173828125 0.162109375 0.3232421875 0.1689453125 0.330078125 0.17578125 0.3291015625 0.1796875 0.3271484375
0 0.0205078125 0.623046875 0.025390625 0.6162109375 0.025390625 0.6044921875 0.0126953125 0.595703125 0 0.6005859375 0 0.6201171875 0.0087890625 0.626953125 0.01171875 0.6259765625 0.0205078125 0.623046875
1 0.810546875 0.2998046875 0.8037109375 0.294921875 0.7529296875 0.279296875 0.7373046875 0.27734375 0.62890625 0.3134765625 0.6416015625 0.322265625 0.6787109375 0.337890625 0.6953125 0.3388671875 0.810546875 0.2998046875
1 0.736328125 0.2763671875 0.6826171875 0.2578125 0.6728515625 0.2578125 0.6376953125 0.271484375 0.5810546875 0.287109375 0.57421875 0.2919921875 0.6181640625 0.3125 0.626953125 0.3134765625 0.736328125 0.2763671875
1 0.6494140625 0.267578125 0.673828125 0.2568359375 0.6259765625 0.240234375 0.6181640625 0.240234375 0.5234375 0.2705078125 0.5283203125 0.275390625 0.5380859375 0.27734375 0.5654296875 0.291015625 0.57421875 0.2900390625 0.6494140625 0.267578125