0 0.587890625 0.5986328125 0.5859375 0.5869140625 0.5712890625 0.583984375 0.56640625 0.5908203125 0.568359375 0.6005859375 0.5732421875 0.60546875 0.58203125 0.6044921875 0.587890625 0.5986328125
0 0.6171875 0.5361328125 0.615234375 0.5302734375 0.6123046875 0.52734375 0.6005859375 0.52734375 0.59765625 0.5302734375 0.59765625 0.5400390625 0.6025390625 0.544921875 0.61328125 0.5439453125 0.6171875 0.5361328125
0 0.6953125 0.5517578125 0.6953125 0.5458984375 0.6904296875 0.541015625 0.6806640625 0.541015625 0.673828125 0.5478515625 0.67578125 0.5556640625 0.6787109375 0.55859375 0.68359375 0.5576171875 0.6953125 0.5517578125
0 0.2890625 0.7158203125 0.2890625 0.7080078125 0.2802734375 0.701171875 0.2705078125 0.701171875 0.26171875 0.7099609375 0.26171875 0.7197265625 0.2685546875 0.728515625 0.28125 0.7275390625 0.2890625 0.7158203125
0 0.544921875 0.7568359375 0.546875 0.7412109375 0.5400390625 0.734375 0.5263671875 0.734375 0.51953125 0.7412109375 0.51953125 0.7529296875 0.5283203125 0.763671875 0.53515625 0.7646484375 0.544921875 0.7568359375
0 0.46484375 0.5927734375 0.466796875 0.5869140625 0.4580078125 0.576171875 0.4482421875 0.576171875 0.443359375 0.5810546875 0.443359375 0.5908203125 0.4501953125 0.59765625 0.45703125 0.5986328125 0.46484375 0.5927734375
0 0.455078125 0.5185546875 0.4501953125 0.51171875 0.4443359375 0.509765625 0.435546875 0.5166015625 0.435546875 0.5224609375 0.4423828125 0.529296875 0.44921875 0.5283203125 0.455078125 0.5185546875
0 0.50390625 0.4951171875 0.50390625 0.4873046875 0.4990234375 0.482421875 0.4912109375 0.482421875 0.486328125 0.4873046875 0.48828125 0.4970703125 0.4931640625 0.5 0.5 0.4990234375 0.50390625 0.4951171875
0 0.345703125 0.5478515625 0.345703125 0.5380859375 0.3408203125 0.533203125 0.3291015625 0.533203125 0.32421875 0.5400390625 0.326171875 0.5478515625 0.3349609375 0.552734375 0.33984375 0.5517578125 0.345703125 0.5478515625
0 0.619140625 0.6591796875 0.619140625 0.6474609375 0.6103515625 0.640625 0.5986328125 0.642578125 0.59375 0.6474609375 0.595703125 0.6611328125 0.6025390625 0.666015625 0.61328125 0.6650390625 0.619140625 0.6591796875
0 0.75 0.6748046875 0.748046875 0.6669921875 0.7392578125 0.66015625 0.7255859375 0.662109375 0.72265625 0.6669921875 0.72265625 0.6787109375 0.7314453125 0.685546875 0.7421875 0.6845703125 0.75 0.6748046875
1 0.9990234375 0.55859375 1 0.5517578125 0.9541015625 0.525390625 0.8466796875 0.529296875 0.84375 0.5322265625 0.8857421875 0.560546875 0.8984375 0.5615234375 0.9990234375 0.55859375
1 0.9990234375 0.59765625 1 0.5595703125 0.8994140625 0.560546875 0.892578125 0.5634765625 0.9365234375 0.595703125 0.9453125 0.5986328125 0.9990234375 0.59765625
1 0.9990234375 0.59765625 0.9453125 0.5986328125 0.9521484375 0.607421875 1 0.6396484375 0.9990234375 0.59765625