1 0.7753889558730204 0.4683563011174671 0.6652800872067755 0.5007025427942056 0.6736674614670515 0.5080257670943942 0.7214368617922406 0.5285855519643765 0.7528849946617682 0.5214778136529765 0.8426495644468194 0.49706546517162353 0.8465109813807603 0.4913406791422085 0.7753889558730204 0.4683563011174671
1 0.7723267580744662 0.4679566915497738 0.713826197580038 0.44848799238847736 0.6117859008521715 0.47628134099028213 0.6094690506918069 0.4797162126079312 0.658383408222879 0.5010482808647019 0.6764108569437081 0.4965492592869654 0.7512101758064842 0.47703554195104225 0.7700099079141015 0.47139156316742287 0.7723267580744662 0.4679566915497738
1 0.6606777492959302 0.43096346956845066 0.5808989920419286 0.4504502511557752 0.5640165005269824 0.45572155612029974 0.5616996503666178 0.45915642773794885 0.6021996978888154 0.4781447100857562 0.6110136174653833 0.47742629819616517 0.7046126684357767 0.4522686020766226 0.7107639997814839 0.44808838282078395 0.6606777492959302 0.43096346956845066
0 0.4915790499991977 0.6051002811957782 0.4800756064431703 0.6073363241103471 0.47578764419293745 0.6211027463295419 0.4788229062428931 0.6264817942884606 0.48875484727674534 0.6315151041768832 0.493361611848876 0.6296247993328107 0.5018297933549477 0.6220097084593229 0.5018836648521449 0.612050831676872 0.4915790499991977 0.6051002811957782
0 0.8890404391513085 0.41840915603619167 0.8794542361879525 0.42027252513166574 0.8759654930731063 0.42791455175375204 0.8770835145303908 0.4336662735317657 0.8870154555642431 0.43869958342018833 0.8916222201363737 0.4368092785761156 0.8966285942761978 0.4318567759334888 0.8947652251807237 0.4222705729701327 0.8890404391513085 0.41840915603619167
0 0.36472236856099954 0.6178206358809137 0.35513616559764344 0.6196840049763879 0.34973018189012606 0.627698705417569 0.3519662248046949 0.6392021489735964 0.35998092524587605 0.6446081326811137 0.3703394115960203 0.6415998063797567 0.37689035250942077 0.6343573893253638 0.3750269834139467 0.6247711863620076 0.36472236856099954 0.6178206358809137
0 0.06079250311734209 0.5794042458851514 0.04891638574222 0.579723048207049 0.043510402034702564 0.5877377486482301 0.04500109731108182 0.5954067110189151 0.05301579775226295 0.6008126947264325 0.059539802917064746 0.5985497160632649 0.06646341764956 0.5932245396015433 0.06688996296585194 0.5851829034117636 0.06079250311734209 0.5794042458851514
0 0.3147080719986712 0.7290161635945592 0.2993701472573015 0.7319975541473178 0.29433683736887883 0.7419294951811701 0.2962002064643529 0.7515156981445262 0.3087947357290661 0.7600108153991963 0.31915322207921043 0.7570024890978393 0.3249588153544212 0.745925590858104 0.32272277243985237 0.7344221473020767 0.3147080719986712 0.7290161635945592
0 0.1928666180228676 0.5935252594974129 0.18365308887860632 0.5973058691855581 0.1813362387182417 0.600740740803207 0.18357228163281059 0.6122441843592344 0.18929706766222565 0.6161056012931755 0.20157279460504118 0.6127246011727235 0.20583382110667556 0.6039376173447543 0.20279855905671992 0.5985585693858354 0.1928666180228676 0.5935252594974129
0 0.16256786902050813 0.5297759031257735 0.15870645208656714 0.5355006891551886 0.1605698211820412 0.5450868921185447 0.16629460721145625 0.5489483090524857 0.17665309356160055 0.5459399827511285 0.1759616174206081 0.5321466247833353 0.170236831391193 0.5282852078493943 0.16256786902050813 0.5297759031257735
0 0.21412230569512766 0.48791983907018954 0.20682601714353757 0.49132777493924007 0.20488184080226782 0.49667988714956024 0.20828977667131826 0.5039761757011504 0.21172464828896734 0.5062930258615149 0.2220831346391116 0.5032846995601579 0.2244269205480748 0.4948703895512834 0.22176433231721396 0.49140858218503575 0.21412230569512766 0.48791983907018954
0 0.5018117109289195 0.48373039071089324 0.4922255079655634 0.4855937598063672 0.4883640910316225 0.4913185458357824 0.4898547863080017 0.4989875082064673 0.4936623317447455 0.503221598959503 0.5024762513213135 0.502503187069912 0.5074826254611374 0.4975506844272852 0.5052465825465686 0.4860472408712579 0.5018117109289195 0.48373039071089324
0 0.3389001320490631 0.5054487885515015 0.32968660290480184 0.5092293982396467 0.32736975274443714 0.5126642698572959 0.33152303625167734 0.5237950395942284 0.3349579078693264 0.5261118897545929 0.34531639421947063 0.5231035634532358 0.34803285394752864 0.5166064940370326 0.34425224425938333 0.5073929648927713 0.3389001320490631 0.5054487885515015
0 0.3255288927362765 0.5697280065725419 0.31402544918024916 0.5719640494871108 0.3101640322463082 0.5776888355165258 0.3120274013417822 0.5872750384798819 0.3200421017829634 0.5926810221873993 0.3265661069477652 0.5904180435242319 0.33002791431401285 0.587755455293371 0.3316263525847864 0.5755066640991541 0.3255288927362765 0.5697280065725419