0 0.6584538963909858 0.7201097659546536 0.6465738875851048 0.7200139035516189 0.638962409254954 0.7281405916077986 0.6391720829164509 0.7419496792039044 0.6495333858273872 0.7511847002597486 0.6599905511413582 0.748539712509712 0.6664847220441309 0.7396012530906855 0.6665805844471656 0.7277212442848046 0.6584538963909858 0.7201097659546536
0 0.5526841659744732 0.5766868986567699 0.5430387720233487 0.5782145789794284 0.5389799152091157 0.5838011161163198 0.5405075955317743 0.5934465100674442 0.5483287475234223 0.5991289096073704 0.5549277552569436 0.597094993986397 0.5597983834340232 0.5903911494221272 0.5582707031113646 0.5807457554710028 0.5526841659744732 0.5766868986567699
0 0.5326505458292708 0.5126259001117826 0.5249342306683713 0.5138480443699094 0.5208753738541385 0.5194345815068008 0.5220975181122653 0.5271508966677003 0.5276840552491567 0.5312097534819332 0.5362121417729029 0.5288703017964281 0.5394592272242892 0.524401072086915 0.5382370829661624 0.5166847569260155 0.5326505458292708 0.5126259001117826
0 0.5785290894716739 0.47767485937081 0.5708127743107745 0.4788970036289368 0.5667539174965415 0.4844835407658283 0.5676705256901367 0.4902707771365029 0.5713279840368032 0.4946351700152675 0.5782325278348561 0.49453033318451906 0.5834086920764674 0.48975556741047416 0.5841156266085654 0.4817337161850429 0.5785290894716739 0.47767485937081
0 0.6735091952265424 0.565459977816704 0.6677219588558677 0.566376586010299 0.66173402325141 0.5722686592117222 0.6635672396386002 0.5838431319530715 0.6691537767754916 0.5879019887673044 0.6760583205735446 0.5877971519365559 0.6831635636053807 0.5827168500979794 0.6832594260084154 0.5708368412920984 0.6735091952265424 0.565459977816704
0 0.6974429887889461 0.5043225798031435 0.6877975948378217 0.5058502601258021 0.6837387380235886 0.5114367972626935 0.6849608822817155 0.5191531124235931 0.6927820342733635 0.5248355119635192 0.6993810420068848 0.5228015963425457 0.7039461341194325 0.5141686729880511 0.7030295259258375 0.5083814366173766 0.6974429887889461 0.5043225798031435
0 0.7574541049474143 0.5086600493987666 0.745879632206065 0.5104932657859569 0.7421263114563639 0.5180088817130732 0.7455830705692471 0.5273487395996659 0.748934992851382 0.5297840536882057 0.7613212369555779 0.5268335298736372 0.7642627863424326 0.5204352213738992 0.7630406420843058 0.5127189062129996 0.7574541049474143 0.5086600493987666
0 0.39770477479066785 0.7218589506683406 0.38613030204931853 0.7236921670555307 0.3804479025093925 0.7315133190471788 0.3797409679772944 0.7395351702726101 0.3904078069527624 0.7506992701186791 0.40086497226673334 0.7480542823686422 0.40735914316950605 0.739115822949616 0.40552592678231586 0.7275413502082667 0.39770477479066785 0.7218589506683406
0 0.42189025785132017 0.5499433158214017 0.41590232224686224 0.5558353890228249 0.41743000256952084 0.5654807829739492 0.42301653970641223 0.5695396397881821 0.4354027838106081 0.5665891159736137 0.435193110149111 0.5527800283775078 0.43184118786697623 0.550344714288968 0.42189025785132017 0.5499433158214017
0 0.7154696165963164 0.6181382284264114 0.7038951438549671 0.6199714448136017 0.698212744315041 0.6277925968052496 0.7019750394924561 0.6390615334820672 0.7075615766293476 0.6431203902963002 0.7199478207335434 0.6401698664817317 0.7264419916363162 0.6312314070627053 0.7232907685879645 0.6238206279663375 0.7154696165963164 0.6181382284264114
0 0.8480787922512321 0.6188871787952611 0.8365043195098828 0.6207203951824514 0.8311274560344882 0.6304706259643242 0.8323496002926151 0.6381869411252238 0.8443344459292446 0.6451873473263113 0.8547916112432155 0.6425423595762745 0.8596622394202951 0.6358385150120048 0.8555944081783483 0.6226404995449624 0.8480787922512321 0.6188871787952611
1 0.9560443835098283 0.47028529095394866 0.9581831359615502 0.4837888424855228 0.9640752091629734 0.48977677808998055 0.9851992134524125 0.4982958901860128 1 0.49522370576096153 1 0.46589313339176563 0.9989903521930904 0.4605171113166479 0.9604087763885929 0.466627832607282 0.9560443835098283 0.47028529095394866
1 1 0.5065079444759621 1 0.49619595621195545 0.9863165208797906 0.4991076615488594 1 0.5065079444759621