0 0.3070953896076006 0.5233803015127956 0.3003750779661123 0.5322580868545399 0.3018915958085099 0.5379178084929523 0.30837730132331753 0.5432570522024356 0.3171196367546692 0.5419255623785747 0.3207573346032182 0.5328627490182938 0.3192408167608206 0.5272030273798813 0.3070953896076006 0.5233803015127956
0 0.469981699099951 0.4898451653755516 0.46791009720194354 0.49343328511595663 0.4704376269392728 0.5028661545133108 0.4764178265066145 0.5063188243433233 0.4865412298699712 0.5025952546925255 0.48488926211718103 0.48888373158876386 0.481301142376776 0.4868121296907564 0.469981699099951 0.4898451653755516
0 0.3025192672523289 0.5893112310779868 0.29258089190750886 0.5899521869358453 0.28724164819802556 0.5964378924506529 0.28737709810841816 0.604489693916002 0.29864696327709916 0.6125910734894953 0.3031106450020434 0.6103840216810953 0.3091404226775291 0.6027022762528194 0.3090049727671365 0.5946504747874701 0.3025192672523289 0.5893112310779868
0 0.18756398564897483 0.5149681688763987 0.18001769013109145 0.5169901926662621 0.17656502030107904 0.522970392233604 0.1780815381434766 0.5286301138720164 0.1845672436582842 0.5339693575814997 0.19091749926269921 0.5312567998256339 0.19418514107417503 0.5283592140512312 0.19354418521631658 0.5184208387064112 0.18756398564897483 0.5149681688763987
0 0.1352817166653618 0.5613295412668398 0.13182904683534938 0.5673097408341815 0.13385107062521281 0.5748560363520648 0.14222335001949124 0.5796897741140822 0.14480045786496457 0.5779882282531481 0.14995467355591124 0.5745851365312795 0.14830270580312105 0.5608736134275178 0.1352817166653618 0.5613295412668398
0 0.1718401636213753 0.6223045675736604 0.16429386810349195 0.6243265913635238 0.15946013034147452 0.6326988707578023 0.16437973990574054 0.6435128080871614 0.1698544335256164 0.645078904037703 0.17997783688897312 0.6413553343869054 0.1822344668055172 0.6346846008535612 0.18021244301565376 0.6271383053356778 0.1718401636213753 0.6223045675736604
0 0.3093218911480519 0.7543054361624492 0.296670958047366 0.7485961364158927 0.28774359459747767 0.7530102400326928 0.2820342948509211 0.7656611731333788 0.2869539044151871 0.776475110462738 0.2953261838094655 0.7813088482247554 0.3021819453613464 0.7804828643483603 0.3085322009657614 0.7777703065924945 0.3123549268328471 0.7656248794392743 0.3093218911480519 0.7543054361624492
0 0.34685861585290645 0.6340472045437165 0.33553917257608135 0.6370802402285116 0.33070543481406395 0.64545251962279 0.3332329645513933 0.6548853890201443 0.3416052439456717 0.6597191267821617 0.3536152211884992 0.6554900511838981 0.35725291903704826 0.6464272378236172 0.3528388154202481 0.6374998743737289 0.34685861585290645 0.6340472045437165
0 0.47012687387636926 0.6111276933032556 0.4606940044790151 0.613655223040585 0.45636577266446354 0.6239140763143342 0.46128538222872945 0.6347280136436934 0.46487350196913446 0.6367996155417008 0.47877005309143283 0.6320650339959714 0.4829132568874478 0.6248887945151613 0.47799364732318184 0.6140748571858021 0.47012687387636926 0.6111276933032556
0 0.031050941041104514 0.6175664264799172 0.0221235775912162 0.6219805300967174 0.02005197569320875 0.6255686498371225 0.022579505430538056 0.6350015192344766 0.02855970499787975 0.638454189064489 0.03868310836123643 0.6347306194136914 0.042826312157251335 0.6275543799328813 0.038917714487917095 0.6205135903624638 0.031050941041104514 0.6175664264799172
0 0.8544727144749285 0.3928871796783943 0.8450398450775742 0.3954147094157237 0.8415871752475617 0.4013949089830654 0.846506784811828 0.4122088463124246 0.8597128019681237 0.4086703046801635 0.8624749378321337 0.40388614502629017 0.8604529140422701 0.3963398495084068 0.8544727144749285 0.3928871796783943
1 0.815753234270645 0.4709998300909103 0.7474798029866612 0.4539082245453452 0.6565542007349877 0.484337737609585 0.6381939678877452 0.49127937096371443 0.6361223659897377 0.49486749070411945 0.6402159916776087 0.4988256664815978 0.6916952860648917 0.5173842117614162 0.704210769255185 0.5150417100426237 0.8066408428022201 0.4784965475006496 0.8155682062521084 0.47408244388384946 0.815753234270645 0.4709998300909103
1 0.7401185354873143 0.4528476345422695 0.6785158377366748 0.4380126589132486 0.5803644178960472 0.47543338343976177 0.593520856944199 0.48302925706578914 0.6244824447839835 0.49293133871650463 0.6356168600422719 0.4929809168246487 0.7234598485010062 0.4623663757418723 0.738046933589307 0.4564357542826746 0.7401185354873143 0.4528476345422695
1 0.6261609813648525 0.4237327673398375 0.5503279701489459 0.45011823282435026 0.5482563682509384 0.4537063525647553 0.5541869897101361 0.4682934376530562 0.5601671892774779 0.47174610748306856 0.5753952302236371 0.47575386136869097 0.5874052074664646 0.47152478577042745 0.6752481959251989 0.44091024468765105 0.6773197978232064 0.43732212494724604 0.6261609813648525 0.4237327673398375