0 0.7587397638281066 0.3931712359816181 0.7489415394487722 0.39495362985460636 0.7458248211320933 0.40564305117043487 0.7506216731277919 0.4106103368227478 0.7594264403766638 0.4097873133488993 0.7634002688985142 0.4059498317523403 0.7635366158238055 0.39813852163393104 0.7587397638281066 0.3931712359816181
0 0.7692977801407448 0.45977189237603416 0.759567729224056 0.45764863118981775 0.7526135293108179 0.464364223983796 0.7524430956542039 0.4741283616318076 0.7572399476499025 0.47909564728412046 0.7640578006378493 0.48019136460855155 0.771971370950227 0.47446922894503574 0.7740605454051208 0.46669200555794943 0.7692977801407448 0.45977189237603416
0 0.8486236846095399 0.6154769099301765 0.8369067194319258 0.6152723895422395 0.8279315185264398 0.6258595506640996 0.8277951716011487 0.6336708607825089 0.8363954184620835 0.6445648024862743 0.8471189265092349 0.645728693273351 0.8570534978138606 0.6361349892819536 0.8572921049331205 0.6224651965747372 0.8486236846095399 0.6154769099301765
0 0.8080035795753615 0.3686366463798583 0.8010834663934464 0.37339941164423435 0.8009130327368321 0.38316354929224594 0.8037911439342513 0.3861439206836337 0.8125959111831234 0.38532089720978524 0.8186248274285445 0.375659019755742 0.8157808029624478 0.37072582083475203 0.8080035795753615 0.3686366463798583
0 0.5898179649181465 0.5582170313649786 0.5761481722109302 0.5579784242457189 0.5691598855663693 0.5666468445692994 0.5690235386410781 0.5744581546877087 0.5757050447037335 0.5833651821305491 0.5864285527508849 0.5845290729176258 0.5943421230632626 0.5788069372541101 0.5964994709808019 0.5671240588078189 0.5898179649181465 0.5582170313649786
0 0.899898617504841 0.4757254960818794 0.888181652327227 0.47552097569394247 0.8831802799435913 0.4822706552192435 0.8830439330183001 0.49008196533765275 0.8897595258122782 0.4970361652508908 0.8985642930611502 0.4962131417770424 0.9045250358439256 0.4904569193822038 0.9066142102988192 0.48267969599511734 0.899898617504841 0.4757254960818794
0 0.9340852007164422 0.41967297215589977 0.926273890598033 0.41953662523060853 0.9193537774161177 0.42429939049498444 0.9191492570281807 0.43601635567259844 0.9258989365534818 0.4410177280562341 0.9327508762727514 0.44016061785106275 0.938711619055527 0.4344043954562243 0.9388820527121411 0.4246402578082126 0.9340852007164422 0.41967297215589977
0 0.9874982205642622 0.43720939126889713 0.9853749593780459 0.4469394421855859 0.9940433797016264 0.45392772883014676 1 0.45318261427058515 1 0.4333436721016309 0.9944183337461775 0.4324466260045211 0.9874982205642622 0.43720939126889713
0 0.6471559007901916 0.406850912533036 0.6393445906717823 0.40671456560774477 0.6344113917507921 0.40955859007384127 0.6322881305645758 0.41928864099053 0.6370508958289516 0.4262087541724452 0.6458556630778236 0.42538573069859675 0.6517823191292762 0.4215823358333606 0.6519527527858903 0.4118181981853489 0.6471559007901916 0.406850912533036
0 0.6392423304778138 0.4125730481965517 0.6460942701970833 0.41171593799138045 0.6452030732605892 0.4068168258017132 0.6383170468099968 0.40962676353648686 0.6392423304778138 0.4125730481965517
0 0.928202515240514 0.5328687954101891 0.9184042908611796 0.5346511892831773 0.9114160042166187 0.543319609606758 0.9151171388878865 0.5551047482470175 0.9199480776149083 0.558119206369728 0.9326584999229846 0.5573643563585253 0.9386192427057599 0.5516081339636868 0.938789676362374 0.5418439963156751 0.928202515240514 0.5328687954101891