0 0.44140625 0.3134765625 0.4326171875 0.306640625 0.4248046875 0.30859375 0.421875 0.3115234375 0.423828125 0.3232421875 0.4267578125 0.326171875 0.4375 0.3251953125 0.44140625 0.3134765625
0 0.376953125 0.3310546875 0.37890625 0.3173828125 0.3681640625 0.3125 0.361328125 0.3173828125 0.359375 0.3232421875 0.3623046875 0.330078125 0.37109375 0.3330078125 0.376953125 0.3310546875
0 0.365234375 0.3955078125 0.365234375 0.3857421875 0.3603515625 0.380859375 0.3486328125 0.380859375 0.34375 0.3857421875 0.34375 0.3935546875 0.3466796875 0.3984375 0.35546875 0.4013671875 0.365234375 0.3955078125
0 0.408203125 0.4482421875 0.41015625 0.4365234375 0.4072265625 0.431640625 0.3955078125 0.427734375 0.384765625 0.4345703125 0.384765625 0.4462890625 0.3916015625 0.453125 0.400390625 0.4521484375 0.408203125 0.4482421875
0 0.533203125 0.4326171875 0.53515625 0.4228515625 0.5302734375 0.416015625 0.5185546875 0.4140625 0.5078125 0.4228515625 0.5078125 0.4306640625 0.5166015625 0.439453125 0.525390625 0.4384765625 0.533203125 0.4326171875
0 0.10546875 0.4013671875 0.10546875 0.3955078125 0.1005859375 0.388671875 0.0888671875 0.388671875 0.08203125 0.3994140625 0.0888671875 0.408203125 0.09765625 0.4072265625 0.10546875 0.4013671875
0 0.095703125 0.5947265625 0.095703125 0.5810546875 0.0888671875 0.57421875 0.0771484375 0.57421875 0.06640625 0.5849609375 0.068359375 0.5947265625 0.0771484375 0.6015625 0.087890625 0.6005859375 0.095703125 0.5947265625
0 0.361328125 0.5556640625 0.361328125 0.5439453125 0.3544921875 0.537109375 0.3427734375 0.537109375 0.333984375 0.5458984375 0.333984375 0.5556640625 0.3447265625 0.56640625 0.353515625 0.5654296875 0.361328125 0.5556640625
0 0.240234375 0.4189453125 0.240234375 0.4091796875 0.2314453125 0.40234375 0.2236328125 0.404296875 0.21875 0.4091796875 0.220703125 0.4208984375 0.2275390625 0.42578125 0.234375 0.4248046875 0.240234375 0.4189453125
0 0.212890625 0.3486328125 0.2109375 0.3408203125 0.2080078125 0.337890625 0.1982421875 0.337890625 0.193359375 0.3427734375 0.193359375 0.3505859375 0.2001953125 0.357421875 0.205078125 0.3564453125 0.212890625 0.3486328125
0 0.255859375 0.3076171875 0.255859375 0.3017578125 0.2470703125 0.294921875 0.2412109375 0.296875 0.236328125 0.3037109375 0.23828125 0.3095703125 0.2431640625 0.314453125 0.24609375 0.3134765625 0.255859375 0.3076171875
1 0.8818359375 0.296875 0.88671875 0.2919921875 0.8271484375 0.271484375 0.8115234375 0.26953125 0.701171875 0.3037109375 0.7060546875 0.310546875 0.7548828125 0.33203125 0.765625 0.3310546875 0.8818359375 0.296875
1 0.7958984375 0.275390625 0.810546875 0.2685546875 0.7548828125 0.248046875 0.7470703125 0.248046875 0.7177734375 0.259765625 0.64453125 0.2802734375 0.6455078125 0.283203125 0.6787109375 0.298828125 0.6943359375 0.3046875 0.69921875 0.3037109375 0.7958984375 0.275390625
1 0.7431640625 0.251953125 0.748046875 0.2470703125 0.7001953125 0.23046875 0.6904296875 0.23046875 0.59375 0.2607421875 0.6337890625 0.279296875 0.64453125 0.2802734375 0.7431640625 0.251953125