0 0.46484375 0.5419921875 0.46484375 0.5322265625 0.4619140625 0.529296875 0.4501953125 0.52734375 0.44140625 0.5322265625 0.4443359375 0.544921875 0.4609375 0.5458984375 0.46484375 0.5419921875
0 0.73828125 0.6630859375 0.73828125 0.6552734375 0.7314453125 0.6484375 0.7158203125 0.646484375 0.70703125 0.6533203125 0.70703125 0.6630859375 0.7138671875 0.669921875 0.73046875 0.6708984375 0.73828125 0.6630859375
0 0.869140625 0.6923828125 0.87109375 0.6806640625 0.8642578125 0.673828125 0.8564453125 0.671875 0.8427734375 0.673828125 0.837890625 0.6806640625 0.83984375 0.6904296875 0.8466796875 0.697265625 0.861328125 0.6982421875 0.869140625 0.6923828125
0 0.705078125 0.6044921875 0.705078125 0.5947265625 0.7001953125 0.58984375 0.6904296875 0.587890625 0.681640625 0.5927734375 0.681640625 0.6044921875 0.6865234375 0.609375 0.701171875 0.6083984375 0.705078125 0.6044921875
0 0.802734375 0.5537109375 0.802734375 0.5498046875 0.7958984375 0.54296875 0.7841796875 0.54296875 0.779296875 0.5478515625 0.78125 0.5595703125 0.7861328125 0.5625 0.794921875 0.5615234375 0.802734375 0.5537109375
0 0.73828125 0.5400390625 0.7333984375 0.533203125 0.7236328125 0.53125 0.71484375 0.5361328125 0.71484375 0.5478515625 0.7177734375 0.55078125 0.734375 0.5498046875 0.73828125 0.5400390625
0 0.404296875 0.7060546875 0.404296875 0.6962890625 0.3955078125 0.689453125 0.3818359375 0.69140625 0.375 0.7021484375 0.37890625 0.7119140625 0.3837890625 0.716796875 0.3984375 0.7158203125 0.404296875 0.7060546875
0 0.66015625 0.7568359375 0.66015625 0.7431640625 0.6513671875 0.736328125 0.6337890625 0.73828125 0.62890625 0.7431640625 0.62890625 0.7548828125 0.6416015625 0.765625 0.650390625 0.7646484375 0.66015625 0.7568359375
0 0.58203125 0.5927734375 0.5791015625 0.578125 0.5634765625 0.576171875 0.556640625 0.5810546875 0.556640625 0.5927734375 0.5615234375 0.59765625 0.578125 0.5966796875 0.58203125 0.5927734375
0 0.57421875 0.5224609375 0.5693359375 0.51171875 0.5556640625 0.51171875 0.55078125 0.5166015625 0.5537109375 0.52734375 0.568359375 0.5283203125 0.57421875 0.5224609375
0 0.623046875 0.4990234375 0.623046875 0.4892578125 0.6201171875 0.486328125 0.6123046875 0.484375 0.603515625 0.4892578125 0.603515625 0.4990234375 0.6064453125 0.501953125 0.619140625 0.5009765625 0.623046875 0.4990234375