0 0.4925197257620095 0.6923662733100263 0.4789809045096833 0.6942690305497147 0.47316287250336453 0.701989819795722 0.4747938072802403 0.7135945237262873 0.4827864189890601 0.7213466730543671 0.4932881530273387 0.718884590848017 0.5002091549259443 0.7119949490314841 0.5005123374708293 0.7001184226381061 0.4925197257620095 0.6923662733100263
0 0.7707084957444582 0.5526810980155147 0.7635156713830401 0.5576366225102869 0.7612940515574304 0.562879649508908 0.7643154587304417 0.5703442963331389 0.7739703652982098 0.5758905058766451 0.7806038646929666 0.5739720685959206 0.7872530441287596 0.5651483094576266 0.7839598144929356 0.5557495453116348 0.7707084957444582 0.5526810980155147
0 0.8650306798313336 0.49406163154875776 0.8553600932225291 0.49542074386282087 0.8512043560751585 0.5009355933242546 0.8547694081737953 0.5122684747920073 0.8600124351724165 0.514490094617617 0.868580051888934 0.5122998348740798 0.8730232915401537 0.5018137808768375 0.8705455292927674 0.49821736869612837 0.8650306798313336 0.49406163154875776
0 0.7957056387928271 0.4919707138166345 0.7876816670019346 0.4980292082036935 0.7890407793159977 0.5076997948124979 0.7945556287774316 0.5118555319598685 0.8069914801374709 0.509121627290706 0.8100442473925549 0.5027756303997981 0.805648047864444 0.4925457188243322 0.7957056387928271 0.4919707138166345
0 0.7488164218394787 0.7056541086512194 0.7391458352306743 0.7070132209652824 0.7330559807615428 0.7127998928895289 0.7327527982166577 0.7246764192829067 0.7432231721728637 0.7360249807916956 0.753996728673955 0.7354970159071066 0.7623082029686962 0.7244673169842392 0.7606772681918204 0.7128626130536738 0.7488164218394787 0.7056541086512194
0 0.6510964043401689 0.5576575643165197 0.6375575830878427 0.559560321556208 0.6364232531134835 0.5725398178418727 0.6463499821440644 0.5800201447071399 0.6529834815388211 0.5781017074264152 0.6596326609746141 0.5692779482881212 0.65633943133879 0.5598791841421293 0.6510964043401689 0.5576575643165197
0 0.634117971317496 0.4929848652279003 0.6244473847086917 0.4943439775419634 0.620291647561321 0.4998588270033972 0.6211071149497589 0.5056611789686798 0.6288279041957663 0.5114792109749987 0.6373955209122838 0.5092889512314616 0.6407201106301803 0.5048770716623144 0.6396328207789298 0.4971406023752709 0.634117971317496 0.4929848652279003
0 0.6712007430579103 0.4621330683259436 0.6687073007694879 0.46544197800280396 0.6700664130835511 0.47511256461160833 0.6733753227604115 0.4776060069000307 0.6858111741204507 0.4748721022308682 0.688592118912722 0.46659198801819934 0.6828054469884756 0.4605021335490679 0.6712007430579103 0.4621330683259436
0 0.5301879207859613 0.5253421565784427 0.5166490995336351 0.5272449138181311 0.5141556572452128 0.5305538234949914 0.5155147695592759 0.5402244101037957 0.5210296190207097 0.5443801472511665 0.5315313530589882 0.5419180650448165 0.5351277652396973 0.5394403027974304 0.5334968304628216 0.527835598866865 0.5301879207859613 0.5253421565784427
0 0.8178173385268673 0.6072022857338494 0.8006821050938321 0.6115828052209238 0.7998195975822855 0.6264964188283495 0.8075403868282928 0.6323144508346683 0.8183139433293839 0.6317864859500792 0.8271690625497504 0.6246250216707335 0.8255381277728746 0.6130203177401683 0.8178173385268673 0.6072022857338494
0 0.9509368911014106 0.6141337059082947 0.9396040096336578 0.6176987580069314 0.9357200949490997 0.625147724790126 0.9392851470477364 0.6364806062578786 0.9508741709372656 0.6417549933385722 0.961375904975544 0.6392929111322225 0.9677532619485245 0.6285350346721674 0.9647318547755128 0.6210703878479367 0.9509368911014106 0.6141337059082947