0 0.626953125 0.7626953125 0.62890625 0.7509765625 0.6220703125 0.7421875 0.6103515625 0.740234375 0.6015625 0.7470703125 0.599609375 0.7607421875 0.6083984375 0.771484375 0.619140625 0.7705078125 0.626953125 0.7626953125
0 0.544921875 0.5986328125 0.544921875 0.5888671875 0.5400390625 0.583984375 0.5302734375 0.583984375 0.525390625 0.5888671875 0.525390625 0.5986328125 0.5322265625 0.60546875 0.5390625 0.6044921875 0.544921875 0.5986328125
0 0.53515625 0.5302734375 0.53515625 0.5224609375 0.5302734375 0.517578125 0.5224609375 0.517578125 0.517578125 0.5224609375 0.517578125 0.5302734375 0.5224609375 0.53515625 0.53125 0.5341796875 0.53515625 0.5302734375
0 0.583984375 0.5029296875 0.5859375 0.4951171875 0.5810546875 0.490234375 0.5732421875 0.490234375 0.568359375 0.4951171875 0.568359375 0.5009765625 0.5712890625 0.505859375 0.578125 0.5068359375 0.583984375 0.5029296875
0 0.66796875 0.6103515625 0.669921875 0.5986328125 0.6611328125 0.591796875 0.6552734375 0.591796875 0.6484375 0.5966796875 0.6484375 0.6083984375 0.6533203125 0.61328125 0.66015625 0.6142578125 0.66796875 0.6103515625
0 0.69921875 0.5458984375 0.69921875 0.5400390625 0.6943359375 0.53515625 0.6845703125 0.53515625 0.6796875 0.5400390625 0.6796875 0.5478515625 0.6865234375 0.5546875 0.693359375 0.5537109375 0.69921875 0.5458984375
0 0.7578125 0.5615234375 0.7578125 0.5537109375 0.7529296875 0.548828125 0.7412109375 0.548828125 0.736328125 0.5556640625 0.73828125 0.5654296875 0.7412109375 0.568359375 0.75390625 0.5673828125 0.7578125 0.5615234375
0 0.37109375 0.7216796875 0.37109375 0.7099609375 0.3642578125 0.703125 0.3525390625 0.703125 0.345703125 0.7099609375 0.34375 0.7177734375 0.3525390625 0.73046875 0.36328125 0.7294921875 0.37109375 0.7216796875
0 0.427734375 0.5419921875 0.4248046875 0.5390625 0.4150390625 0.537109375 0.408203125 0.5419921875 0.408203125 0.5517578125 0.4130859375 0.556640625 0.42578125 0.5556640625 0.427734375 0.5419921875
0 0.703125 0.6650390625 0.701171875 0.6572265625 0.6943359375 0.650390625 0.6826171875 0.650390625 0.67578125 0.6572265625 0.677734375 0.6689453125 0.6826171875 0.673828125 0.6953125 0.6728515625 0.703125 0.6650390625
0 0.833984375 0.6904296875 0.83203125 0.6767578125 0.8251953125 0.671875 0.8134765625 0.671875 0.806640625 0.6806640625 0.806640625 0.6884765625 0.8173828125 0.697265625 0.828125 0.6962890625 0.833984375 0.6904296875
1 0.9990234375 0.5390625 0.9599609375 0.5390625 0.955078125 0.5419921875 0.955078125 0.5556640625 0.9599609375 0.5625 0.9794921875 0.57421875 1 0.5732421875 0.9990234375 0.5390625
1 0.9990234375 0.57421875 0.98046875 0.5751953125 0.9970703125 0.587890625 1 0.5869140625 0.9990234375 0.57421875