0 0.42147564044067415 0.3099352412549005 0.41859752924325494 0.3129156126462883 0.4207548771607941 0.3245984910925793 0.42373524855218186 0.32747660228999864 0.4344587565993332 0.32631271150292196 0.43815989127060095 0.3145275728626624 0.42925286382776057 0.30784606680000687 0.42147564044067415 0.3099352412549005
0 0.3649118155448523 0.31482941152246696 0.35816213601955116 0.31983078390610264 0.35631156868391733 0.3257233532262324 0.35936011353795067 0.33250711948285633 0.36819896751814535 0.3352829704863072 0.3740233633756295 0.33322788276273635 0.3757375837859721 0.3195240033241973 0.3649118155448523 0.31482941152246696
0 0.35829354102274164 0.38331472198383965 0.3465765758451277 0.38351924237177654 0.34177972384942895 0.3884865280240894 0.3419160707747202 0.39629783814249875 0.34493052889743075 0.40112877686952036 0.35376938287762544 0.4039046278729712 0.3634312603316686 0.3978757116275501 0.36326082667505455 0.38811157397953844 0.35829354102274164 0.38331472198383965
0 0.40604765674759086 0.4332701562017525 0.3942625181073312 0.4295690215304848 0.3836412702541483 0.43659139490636845 0.3838457906420852 0.4483083600839824 0.3907999905553232 0.4550239528779606 0.39957067107287225 0.45389414882220674 0.40731380772863596 0.4498521468377109 0.4090621148703013 0.4381010949287741 0.40604765674759086 0.4332701562017525
0 0.5288030972619548 0.41550007189159627 0.5170520453530181 0.4137517647499308 0.506464884231158 0.4227269656554168 0.5066012311564492 0.43053827577382614 0.5155423453306124 0.43917260936608393 0.5243130258481614 0.4380428053103301 0.5320220757726023 0.43204797579623183 0.5338044696455906 0.4222497514168973 0.5288030972619548 0.41550007189159627
0 0.09870382651092349 0.395659567368184 0.08698686133330956 0.3958640877561209 0.08033944200197693 0.4067239427285635 0.08732772864653775 0.4153923630521442 0.09609840916408675 0.4142625589963903 0.10380745908852762 0.408267729482292 0.10370519889455916 0.40240924689348495 0.09870382651092349 0.395659567368184
0 0.0902251008089774 0.5813827030683419 0.07850813563136337 0.5815872234562789 0.06795506124082612 0.5925152518913672 0.07007832242704257 0.6022453028080559 0.07898534986988284 0.6089268088707114 0.08970885791703428 0.6077629180836347 0.09741790784147515 0.6017680885695365 0.09717930072221541 0.5880982958623202 0.0902251008089774 0.5813827030683419
0 0.35516199693976025 0.5396431845459941 0.34344503176214625 0.5398477049339311 0.3348106981698885 0.5487888191080943 0.3349811318265026 0.558552956756106 0.3459091602615909 0.5691060311466433 0.35467984077913994 0.5679762270908894 0.3623207172409352 0.5580757425175865 0.36211619685299823 0.5463587773399725 0.35516199693976025 0.5396431845459941
0 0.2297818781135391 0.40704554907677126 0.22200465472645264 0.40913472353166497 0.21720780273075385 0.41410200918397777 0.21936515064829307 0.425784887630269 0.22628526383020828 0.4305476528946449 0.233103116818155 0.4294519355702138 0.23885933921299357 0.4234911927874384 0.23868890555637945 0.4137270551394267 0.2297818781135391 0.40704554907677126
0 0.20522308562465813 0.34301128137576836 0.1954589479766465 0.3431817150323825 0.19066209598094772 0.34814900068469534 0.19079844290623899 0.35596031080310464 0.19775264281947702 0.3626759035970829 0.20261766827782143 0.3616142730039747 0.21029263147093952 0.3536666159602741 0.20820345701604587 0.3458893925731876 0.20522308562465813 0.34301128137576836
0 0.24352972812760268 0.2993673410980608 0.2377053322701185 0.3014224288216316 0.23294256700574256 0.30834254200354677 0.23499765472931333 0.31416693786103095 0.2399649403816262 0.31896378985672963 0.24287713831036828 0.3179362459949443 0.25253901576441146 0.3119073297495233 0.252436755570443 0.30604884716071623 0.24352972812760268 0.2993673410980608
1 0.8231104636436198 0.2658096515399555 0.8074537566754785 0.2641295178609358 0.6977155190510962 0.30022989994871574 0.7027168914347319 0.3069795794740169 0.7519125337193413 0.327608514016572 0.7626360417664926 0.32644462322949536 0.8782327619796815 0.29024198094774684 0.8830296139753806 0.285274695295434 0.8231104636436198 0.2658096515399555
1 0.75044680427246 0.24363693024367192 0.7426354941540506 0.2437732771689632 0.7135476015979527 0.25600154331641944 0.6406744799167551 0.2777844848018496 0.6417020237785405 0.28069668273059173 0.6751727856323625 0.2957398285349223 0.6908976660631495 0.30132561727314683 0.6957626915214938 0.30026398668003856 0.7919333966326283 0.2702606943003253 0.8064602995450159 0.26317014746179596 0.75044680427246 0.24363693024367192
1 0.6954608528616895 0.22701591095428997 0.6856967152136778 0.227186344610904 0.5895600968338662 0.2591424645202197 0.6299168851382808 0.27699554805932397 0.6406744799167551 0.2777844848018496 0.7387980125574917 0.2477471056908135 0.7435948645531905 0.24277982003850068 0.6954608528616895 0.22701591095428997