0 0.7282617777880931 0.5392401251852527 0.718570264822482 0.5369473745787456 0.7095479856036446 0.5434724139525847 0.7092071702061593 0.553232089997693 0.7120328284004462 0.5562622374304712 0.7228025535898139 0.5556611667631943 0.7287946853758731 0.5519617855836422 0.730951109823386 0.5461741430360741 0.7282617777880931 0.5392401251852527
0 0.6641887312878634 0.527231067516741 0.6504570217452147 0.5287058611692832 0.6474268743124365 0.5315315193635701 0.647017895835454 0.5432431306177001 0.649843554029741 0.5462732780504782 0.6625652144281304 0.5457403704626983 0.6686255092936867 0.5400890540741246 0.6688981616116749 0.5322813132380378 0.6641887312878634 0.527231067516741
0 0.6328648107676262 0.5847666775949351 0.6211531995134961 0.5843576991179525 0.6141510185831776 0.588998966362267 0.6119945941356647 0.5947866089098349 0.6204034056390284 0.605828986417191 0.6272692604103527 0.6050915895909199 0.6332613921964119 0.6013922084113678 0.6375060780119406 0.5917688585252535 0.6328648107676262 0.5847666775949351
0 0.3365858153118281 0.7024280534010423 0.3349746955002918 0.6926002142764368 0.3263613947584369 0.6874136423961458 0.31458162042480986 0.6889565991281851 0.3074431133354972 0.6975017367905428 0.30898607006753637 0.7092815111241699 0.3155792725208725 0.7163518551339856 0.3224451272921969 0.7156144583077144 0.3293109820635213 0.7148770614814433 0.33436122778481814 0.7101676311576318 0.3365858153118281 0.7024280534010423
0 0.39064514970684117 0.5254959772232376 0.3758352279404359 0.5298645921495637 0.37361064041342595 0.5376041699061533 0.37825190765774036 0.5446063508364718 0.3968293736831948 0.5442779324871833 0.3991902873691989 0.5326344843125501 0.39643279225440914 0.5276524016707504 0.39064514970684117 0.5254959772232376
0 0.662187207886055 0.6405114727194949 0.6445516279253628 0.641849940213043 0.6374812839155471 0.6484431426663791 0.6370723054385647 0.6601547539205092 0.6437336709713979 0.6652731627213031 0.658407266578809 0.6648084182130203 0.6685077580214027 0.6553895575653972 0.6668966382098664 0.6455617184407918 0.662187207886055 0.6405114727194949
0 0.7884495287569899 0.6625094897679997 0.7806417879209031 0.6622368374500114 0.7707457857168007 0.6657998924705695 0.7654910507570127 0.6763651284214459 0.7719479270513545 0.6873393428493049 0.7846014243702469 0.6887583704705467 0.7945655896538465 0.683243380240967 0.7969946664193477 0.6696479968573124 0.7884495287569899 0.6625094897679997
0 0.5062616744992059 0.5725283365915387 0.49448190016557875 0.5740712933235779 0.4892271652057906 0.5846365292744544 0.4909064480968241 0.5925124331900381 0.5045018314804788 0.5949415099555393 0.5146023229230724 0.5855226493079163 0.512923040032039 0.5776467453923326 0.5062616744992059 0.5725283365915387
0 0.5828580699978473 0.7295940674431277 0.5691945235346956 0.7291169258866482 0.56212417952488 0.7357101283399844 0.5616470379684005 0.7493736748031361 0.5701240125512612 0.7584641171014704 0.5808937377406289 0.7578630464341934 0.5869540326061853 0.7522117300456197 0.5913350445807081 0.7386845097414622 0.5828580699978473 0.7295940674431277
0 0.5073646808193557 0.5129602311766291 0.5026552504955443 0.5079099854553324 0.49289557445043586 0.5075691700578469 0.4858933935201173 0.5122104373021614 0.4854844150431349 0.5239220485562914 0.4902620084464435 0.5270203590685665 0.4971278632177679 0.5262829622422955 0.5020417827800705 0.5254774023365274 0.5071601915808646 0.5188160368036941 0.5073646808193557 0.5129602311766291
0 0.5571173441578565 0.48733721523775253 0.5524079138340451 0.48228696951645567 0.5406281395004179 0.48382992624849497 0.5355778937791211 0.48853935657230646 0.5372571766701544 0.4964152604878902 0.5449967544267441 0.4986398480149002 0.5518626091980685 0.4979024511886291 0.5569128549193654 0.49319302086481753 0.5571173441578565 0.48733721523775253
1 0.9631508395692711 0.5845746267758102 0.996593993392431 0.6062628003617366 0.9968790427586163 0.570117917455087 0.9509063207273613 0.5714439879004384 0.9631508395692711 0.5845746267758102
1 0.9032667128532698 0.5365570123596431 0.9031303866942755 0.5404608827776866 0.9135592964861579 0.5496194881555179 0.944108629035534 0.5702294495176877 0.9861093175692484 0.570718988122364 0.9978890919028756 0.5691760313903249 0.9980378151100664 0.5369350189017187 0.9032667128532698 0.5365570123596431