0 0.2707048439062266 0.5999285756052717 0.26674410379223595 0.6055850987042909 0.27036333941986657 0.6148632053202949 0.27375725327927813 0.6172396493886894 0.2841666645150861 0.6144125617838568 0.28733525660627857 0.6098873433046414 0.2856394736212499 0.6002700800916316 0.2707048439062266 0.5999285756052717
0 0.21390724747975232 0.6039937589906317 0.20462914086374823 0.6076129946182622 0.20259185339235955 0.6129303611202758 0.20621108901999013 0.6222084677362798 0.2096050028794017 0.6245849118046742 0.22001441411520967 0.6217578241998418 0.22318300620640213 0.6172326057206264 0.2214872232213735 0.6076153425076166 0.21390724747975232 0.6039937589906317
0 0.1978319215875079 0.6702924359119748 0.18821465837449805 0.6719882188970034 0.18266962221491118 0.6799073512356303 0.1843654051999398 0.6895246144486402 0.1942079901811687 0.6947304940112213 0.19884704348917076 0.692920876197406 0.20552338426856145 0.6857938918815772 0.20575105392613485 0.6758374720715616 0.1978319215875079 0.6702924359119748
0 0.3725175639098641 0.7049380623723532 0.3609768480542523 0.7069730019543876 0.35543181189466544 0.7148921342930146 0.3574667514766998 0.7264328501486264 0.3673093364579287 0.7316387297112076 0.37387184240853266 0.7294899553003864 0.38088733978492917 0.7242864236271597 0.3800975396514853 0.7085596458893382 0.3725175639098641 0.7049380623723532
0 0.24036615782490736 0.7203069003983347 0.2307488946118975 0.7220026833833633 0.22520385845231067 0.7299218157219901 0.2249761887947373 0.7398782355320057 0.23323447773036995 0.7473467243341945 0.24556734160877988 0.7441804801323564 0.2506593863425743 0.7393161050561352 0.250547899403142 0.7274362326035178 0.24036615782490736 0.7203069003983347
0 0.8072319484740349 0.527140177303308 0.8014615905462289 0.5281576470943251 0.7971616938352326 0.5318907175507424 0.7969340241776592 0.5418471373607578 0.8029297038736842 0.5477313301173504 0.8098313664212939 0.5475060083491314 0.8184311598432867 0.540039867436297 0.8170745334552638 0.5323460568658891 0.8072319484740349 0.527140177303308
0 0.08017624112790787 0.58790904154097 0.07429204837131534 0.593904721236995 0.07598783135634395 0.6035219844500049 0.07938174521575546 0.6058984285183993 0.09171460909416537 0.602732184316561 0.0942048879913465 0.5943600605521417 0.08787005169831583 0.5865524151529471 0.08017624112790787 0.58790904154097
0 0.03785558721195603 0.6290866513903466 0.028238323998946168 0.6307824343753752 0.023371601033370708 0.6425484719992061 0.0316298899690034 0.6500169608013949 0.0401158485622094 0.6475290297935682 0.04486873669899808 0.640741202074745 0.04351211031097518 0.6330473915043372 0.03785558721195603 0.6290866513903466
0 0.06160594055977385 0.6962960069419831 0.0504043813011678 0.7002543991666195 0.04644364118717717 0.7059109222656387 0.04813942417220579 0.7155281854786486 0.05605855651083267 0.7210732216382354 0.06646796774664068 0.7182461340334029 0.07122085588342936 0.7114583063145797 0.06952507289840074 0.70184104310157 0.06160594055977385 0.6962960069419831
1 0.6492811621231 0.5649074380677928 0.596781114518268 0.5820976333543609 0.5605746709058362 0.5904650613400716 0.5474496590046282 0.5947626101617136 0.5450732149362338 0.5981565240211252 0.6023191070097919 0.6247527480886099 0.6146519708882018 0.6215865038867718 0.7219146753374739 0.5887904093592318 0.6888791717055891 0.5757745365081017 0.6492811621231 0.5649074380677928
1 0.5941840444603631 0.544873719950912 0.49936803871828755 0.5695253603716062 0.4912212367220873 0.5739367440220349 0.5014029783003219 0.581066076227218 0.5378323957916182 0.5964583931467422 0.5597825228830381 0.5915963659598755 0.6476968660775038 0.5671700473074004 0.6500733101458982 0.5637761334479889 0.5941840444603631 0.544873719950912
1 0.5394260833946317 0.5267634544766333 0.46158199483896817 0.5464392328816738 0.44461007765255617 0.5514150948973274 0.4422336335841618 0.5548090087567389 0.48431957417447746 0.5741620657902539 0.5004993433380914 0.5703175083944042 0.581059032559155 0.5491712687725541 0.5869432253157476 0.5431755890765292 0.5394260833946317 0.5267634544766333