0 0.3069157582091385 0.5779813635731254 0.29921400854192626 0.5746265235653667 0.2934826749438766 0.5758447561287521 0.2863069458707517 0.5843586608382212 0.2879312559552654 0.592000438968954 0.2983556051974178 0.5987700905209506 0.30101823323587845 0.5972057519729164 0.30559130580702226 0.5952353359037537 0.30894614581478075 0.5875335862365414 0.3069157582091385 0.5779813635731254
0 0.31759879543100455 0.5108159472468154 0.31146138431182646 0.5101237352775174 0.30428565523870155 0.5186376399869866 0.30590996532321535 0.5262794181177195 0.31170127045774443 0.5300403356466064 0.3185908650826999 0.5295742865889986 0.32200567662693785 0.5268516870140585 0.32379617808666217 0.5164873093083855 0.31759879543100455 0.5108159472468154
0 0.4758795571955419 0.48515936864501646 0.47333687223004023 0.49668200737759527 0.47953425488569784 0.5023533694391654 0.4898386610548912 0.49916472080661745 0.49244131755687237 0.49262123216631093 0.488500485418547 0.48347508702402325 0.4758795571955419 0.48515936864501646
0 0.46967709594031665 0.6062832809440643 0.46012487327690055 0.6083136685497065 0.4548595887364589 0.6164214957380472 0.456889976342101 0.6259737184014632 0.4630873589977586 0.6316450804630336 0.47188739815539726 0.630772953884297 0.4764604707265411 0.6288025378151344 0.4809136002247259 0.6168738215614272 0.46967709594031665 0.6062832809440643
0 0.34537825824294877 0.6227200196328682 0.33733040259108743 0.6224338851846987 0.3297485959968341 0.6290373453614846 0.3306806941120499 0.6428165346113957 0.3387885213003907 0.6480818191518373 0.34909292746958415 0.6448931705192893 0.35250773901382215 0.6421705709443492 0.3542982404735464 0.6318061932386763 0.34537825824294877 0.6227200196328682
0 0.02322414602257905 0.5913580413370003 0.019463228493692177 0.5971493464715294 0.021493616099334357 0.6067015691349456 0.02728492123386341 0.6104624866638325 0.0375893274030569 0.6072738380312844 0.042508505958849675 0.6022347164025328 0.038161596299395875 0.5911781267275619 0.02322414602257905 0.5913580413370003
0 0.8672345519474313 0.4099613324655483 0.8542675177397772 0.4147143196461306 0.8520109672224452 0.418189102726848 0.8563578768818989 0.429245692401819 0.8598326599626164 0.43150224291915107 0.8701370661318097 0.42831359428660304 0.8742440896453457 0.41945358359248497 0.8707093350281487 0.41221788298288053 0.8672345519474313 0.4099613324655483
0 0.2911747975247252 0.7340792695910379 0.28162257486130915 0.7361096571966801 0.2744468457881842 0.7446235619061492 0.2753789439034 0.7584027511560602 0.28389284861286923 0.7655784802291852 0.2965137768358744 0.763894198608192 0.30403561189364825 0.7523115883391337 0.3015991467668776 0.7408489211430344 0.2911747975247252 0.7340792695910379
0 0.17121422485215088 0.601833717480972 0.1616620021887348 0.6038641050866141 0.1579010846598479 0.6096554102211433 0.16265407184043013 0.6226224444287973 0.1661288549211476 0.6248789949461295 0.17834370562302426 0.6212842687924531 0.1809463621250054 0.6147407801521465 0.1789159745193632 0.6051885574887306 0.17121422485215088 0.601833717480972
0 0.13940143329737825 0.5367124119945322 0.13413614875693652 0.5448202391828729 0.13576045884145024 0.5524620173136058 0.1415517639759794 0.5562229348424927 0.14994572561248964 0.5534403637310732 0.1529544596355992 0.5488073196234499 0.150924072029957 0.5392550969600338 0.13940143329737825 0.5367124119945322
0 0.19253405099363136 0.4954673408493025 0.18298182833021528 0.4974977284549446 0.1807252778128831 0.5009725115356621 0.18275566541852528 0.5105247341990782 0.1904574150857376 0.5138795742068367 0.19312004312419823 0.5123152356588024 0.198039221679991 0.5072761140300507 0.19873143364928894 0.5011387029108726 0.19253405099363136 0.4954673408493025
1 0.5986740278813549 0.4710391520100242 0.5872713322217351 0.4784547672290672 0.6280966026116086 0.4967333342794144 0.6365505357845984 0.4989299132602671 0.6468549419537918 0.49574126462771906 0.7479885591130431 0.4642608558233675 0.6891571328867641 0.4458160973978097 0.5986740278813549 0.4710391520100242
1 0.6357109342738856 0.42922181196845555 0.5547800519318926 0.4524144789750279 0.5591869331278259 0.46845021874227105 0.5757486934891565 0.4759120822635655 0.5868652547006067 0.4765443226963839 0.6841779827944917 0.4458760689342892 0.6718431890196561 0.43951249490342104 0.6357109342738856 0.42922181196845555
1 0.7529677092053154 0.464200884286888 0.6476071254595691 0.49458300360081325 0.6415296858768705 0.4988699417237877 0.647727068532528 0.5045413037853578 0.6958480110684854 0.5242642663107804 0.7161107174222233 0.5209556746052735 0.8203130401410638 0.4898213717855707 0.822569590658396 0.4863465887048533 0.7529677092053154 0.464200884286888