0 0.73046875 0.5439453125 0.732421875 0.5380859375 0.7294921875 0.53125 0.7197265625 0.529296875 0.7109375 0.5361328125 0.7109375 0.5458984375 0.7138671875 0.548828125 0.724609375 0.5478515625 0.73046875 0.5439453125
0 0.669921875 0.5341796875 0.669921875 0.5263671875 0.6650390625 0.521484375 0.6513671875 0.5234375 0.6484375 0.5263671875 0.6484375 0.5380859375 0.6513671875 0.541015625 0.6640625 0.5400390625 0.669921875 0.5341796875
0 0.63671875 0.5966796875 0.640625 0.5869140625 0.6357421875 0.580078125 0.6240234375 0.580078125 0.6171875 0.5849609375 0.615234375 0.5908203125 0.6240234375 0.6015625 0.630859375 0.6005859375 0.63671875 0.5966796875
0 0.3369140625 0.720703125 0.341796875 0.7158203125 0.34375 0.7080078125 0.341796875 0.6982421875 0.3330078125 0.693359375 0.3212890625 0.6953125 0.314453125 0.7041015625 0.31640625 0.7158203125 0.3232421875 0.72265625 0.330078125 0.7216796875 0.3369140625 0.720703125
0 0.400390625 0.5361328125 0.3974609375 0.53125 0.3916015625 0.529296875 0.376953125 0.5341796875 0.375 0.5419921875 0.3798828125 0.548828125 0.3984375 0.5478515625 0.400390625 0.5361328125
0 0.673828125 0.6494140625 0.671875 0.6396484375 0.6669921875 0.634765625 0.6494140625 0.63671875 0.642578125 0.6435546875 0.642578125 0.6552734375 0.6494140625 0.66015625 0.6640625 0.6591796875 0.673828125 0.6494140625
0 0.80078125 0.6728515625 0.802734375 0.6591796875 0.7939453125 0.65234375 0.7861328125 0.65234375 0.7763671875 0.65625 0.771484375 0.6669921875 0.7783203125 0.677734375 0.791015625 0.6787109375 0.80078125 0.6728515625
0 0.517578125 0.5849609375 0.515625 0.5771484375 0.5087890625 0.572265625 0.4970703125 0.57421875 0.4921875 0.5849609375 0.494140625 0.5927734375 0.5078125 0.5947265625 0.517578125 0.5849609375
0 0.595703125 0.7490234375 0.599609375 0.7353515625 0.5908203125 0.7265625 0.5771484375 0.7265625 0.5703125 0.7333984375 0.5703125 0.7470703125 0.5791015625 0.755859375 0.58984375 0.7548828125 0.595703125 0.7490234375
0 0.5029296875 0.525390625 0.5078125 0.5185546875 0.5078125 0.5126953125 0.5029296875 0.5078125 0.4931640625 0.5078125 0.486328125 0.5126953125 0.486328125 0.5244140625 0.4912109375 0.52734375 0.498046875 0.5263671875 0.5029296875 0.525390625
0 0.5517578125 0.49609375 0.556640625 0.4912109375 0.556640625 0.4853515625 0.5517578125 0.48046875 0.5400390625 0.482421875 0.53515625 0.4873046875 0.537109375 0.4951171875 0.544921875 0.4970703125 0.5517578125 0.49609375
1 0.9990234375 0.552734375 0.953125 0.5556640625 0.9658203125 0.568359375 1 0.5888671875 0.9990234375 0.552734375
1 1 0.5517578125 0.9990234375 0.51953125 0.904296875 0.5224609375 0.904296875 0.5263671875 0.9150390625 0.53515625 0.9462890625 0.5546875 0.98828125 0.5537109375 1 0.5517578125