0 0.357421875 0.5517578125 0.359375 0.5419921875 0.3564453125 0.537109375 0.3466796875 0.53515625 0.341796875 0.5380859375 0.33984375 0.5478515625 0.3447265625 0.5546875 0.353515625 0.5537109375 0.357421875 0.5517578125
0 0.552734375 0.4677734375 0.552734375 0.4580078125 0.5439453125 0.455078125 0.5390625 0.4599609375 0.5390625 0.4658203125 0.5439453125 0.470703125 0.548828125 0.4697265625 0.552734375 0.4677734375
0 0.572265625 0.4189453125 0.5634765625 0.416015625 0.55859375 0.4208984375 0.55859375 0.4267578125 0.5615234375 0.4296875 0.5703125 0.4287109375 0.572265625 0.4189453125
0 0.65234375 0.4326171875 0.6494140625 0.4296875 0.6416015625 0.4296875 0.638671875 0.4326171875 0.638671875 0.4404296875 0.6416015625 0.443359375 0.650390625 0.4423828125 0.65234375 0.4326171875
0 0.46875 0.4482421875 0.466796875 0.4423828125 0.4580078125 0.439453125 0.453125 0.4443359375 0.453125 0.4501953125 0.4560546875 0.453125 0.46484375 0.4521484375 0.46875 0.4482421875
0 0.46484375 0.4130859375 0.4599609375 0.408203125 0.4541015625 0.408203125 0.451171875 0.4169921875 0.4560546875 0.421875 0.4609375 0.4208984375 0.46484375 0.4130859375
0 0.52734375 0.5673828125 0.52734375 0.5576171875 0.5224609375 0.552734375 0.5146484375 0.552734375 0.509765625 0.5576171875 0.509765625 0.5673828125 0.5146484375 0.572265625 0.5234375 0.5712890625 0.52734375 0.5673828125
0 0.47265625 0.4619140625 0.470703125 0.4560546875 0.4619140625 0.453125 0.45703125 0.4580078125 0.458984375 0.4658203125 0.46875 0.4658203125 0.47265625 0.4619140625
0 0.49609375 0.3916015625 0.4892578125 0.388671875 0.484375 0.3974609375 0.4873046875 0.400390625 0.494140625 0.3994140625 0.49609375 0.3916015625
0 0.66015625 0.5146484375 0.658203125 0.5048828125 0.6474609375 0.501953125 0.642578125 0.5068359375 0.642578125 0.5166015625 0.6474609375 0.51953125 0.65625 0.5185546875 0.66015625 0.5146484375
0 0.57421875 0.5048828125 0.57421875 0.4970703125 0.5693359375 0.4921875 0.5634765625 0.4921875 0.55859375 0.4970703125 0.55859375 0.5068359375 0.568359375 0.5087890625 0.57421875 0.5048828125
1 0.8662109375 0.455078125 0.875 0.4521484375 0.8369140625 0.4296875 0.7607421875 0.43359375 0.7578125 0.4365234375 0.7880859375 0.458984375 0.79296875 0.4580078125 0.8662109375 0.455078125
1 0.9248046875 0.482421875 0.92578125 0.4794921875 0.8779296875 0.453125 0.7958984375 0.45703125 0.79296875 0.4599609375 0.8271484375 0.486328125 0.8671875 0.4853515625 0.9248046875 0.482421875
1 0.8251953125 0.431640625 0.83203125 0.4287109375 0.8017578125 0.41015625 0.7392578125 0.4140625 0.7333984375 0.412109375 0.724609375 0.4150390625 0.7509765625 0.43359375 0.7578125 0.4345703125 0.8251953125 0.431640625