1 0.9181071608814572 0.4715008227123466 0.9592550146067816 0.5179117732109316 0.9793167933149585 0.5222762987195877 1 0.5270053710331963 1 0.4856515423162476 0.9292415761397456 0.4714512446042026 0.9181071608814572 0.4715008227123466
1 0.9764687856486999 0.5366783557893519 0.9983312664340989 0.5607346039691115 1 0.5606344414168413 1 0.5258627747519679 0.9656052702111968 0.5206243309667975 0.9764687856486999 0.5366783557893519
0 0.7767628542455765 0.4669911224272722 0.7692165587276931 0.46496909863740876 0.7613497852808806 0.46791626251995533 0.7569356816640804 0.47684362596984364 0.761263913478632 0.48710247924359307 0.7718928227894545 0.4889394750149198 0.7790690622702645 0.4847962712189048 0.7821020979550598 0.47347682794207985 0.7767628542455765 0.4669911224272722
0 0.5928170385641571 0.47431965578052815 0.5820031012347979 0.4694000462162622 0.5717442479610486 0.47372827803081374 0.5692167182237193 0.48316114742816796 0.573544950038271 0.49342000070191716 0.5841738593490934 0.495256996473244 0.5937421786568402 0.48973272474522406 0.5957642024467036 0.4821864292273407 0.5928170385641571 0.47431965578052815
0 0.6451586105219398 0.4185847169669027 0.6422114466393931 0.41071794352009017 0.6308920033625681 0.407684907835295 0.6249118037952264 0.4111375776653075 0.6218787681104312 0.42245702094213244 0.6253314379404438 0.42843722050947425 0.6316816935448587 0.43114977826534007 0.6366508812172686 0.4314702561942694 0.6431365867320763 0.4261310124847861 0.6451586105219398 0.4185847169669027
0 0.2095752007588058 0.542491325078226 0.2014738211853126 0.531221459909545 0.18964887196102173 0.5300749981042207 0.17837900679234076 0.5381763776777139 0.17585147705501142 0.5476092470750681 0.1781081069715555 0.5542799806084122 0.18294184473357292 0.5626522600026908 0.18979760628545378 0.563478243879086 0.19904544766427135 0.562923159823476 0.20893424490094734 0.5524297004230461 0.2095752007588058 0.542491325078226
0 0.3116546680008189 0.3464098071096121 0.3017162926559989 0.34576885125175366 0.29573609308865717 0.3492215210817661 0.294084125335867 0.3629330441855278 0.29615572723387446 0.36652116392593287 0.3105577843036386 0.36936917159219135 0.315341943957512 0.36660703572818143 0.3183749796423072 0.3552875924513564 0.3116546680008189 0.3464098071096121
0 0.6119802460077296 0.5461812068049171 0.6006608027309046 0.5431481711201219 0.5898964435096894 0.5493629768141444 0.5868634078248942 0.5606824200909694 0.5949647873983875 0.5719522852596504 0.6037071228297392 0.5732837750835114 0.6151620160169567 0.5682650093029572 0.6181950517017519 0.5569455660261322 0.6119802460077296 0.5461812068049171
0 0.7574810408536646 0.5993221938110159 0.7480481714563104 0.5967946640736866 0.7401813980094978 0.5997418279562333 0.7343862264606928 0.606277111579185 0.7351263385348392 0.6186075667509416 0.7404655822443225 0.6250932722657493 0.7548676393140867 0.6279412799320078 0.7630548906898286 0.6200249283770511 0.7655824204271579 0.6105920589796969 0.7574810408536646 0.5993221938110159
0 0.6918670296693888 0.4442433547913084 0.6824341602720347 0.4417158250539791 0.6735563749302903 0.44843613669546745 0.6720398570878927 0.45409585833387994 0.6782546627819152 0.464860217555095 0.6869969982132669 0.466191707378956 0.6941732376940769 0.4620485035829411 0.6972062733788722 0.45072906030611615 0.6918670296693888 0.4442433547913084
0 0.4475508498449027 0.43539569782565685 0.4367369125155435 0.4304760882613909 0.4288701390687309 0.4334232521439375 0.42533159743646987 0.4466292693002333 0.4301653351984873 0.4550015486945117 0.43890767062983904 0.4563330385183727 0.4431863243362466 0.45545747653383356 0.4504980137274492 0.4432624712724694 0.4475508498449027 0.43539569782565685
0 0.5010327182899978 0.6357523099526645 0.48971327501317286 0.6327192742678693 0.4765568359650209 0.6403151478938967 0.4735238002802258 0.6516345911707216 0.4806141679587873 0.6666776040983444 0.4931296511490807 0.669020105817137 0.5061010621786959 0.6583416183981704 0.509134097863491 0.6470221751213454 0.5010327182899978 0.6357523099526645
0 0.512850548418261 0.32752722435285053 0.5049837749714485 0.3304743882353971 0.5024562452341192 0.33990725763275126 0.5059089150641316 0.345887457200093 0.5146512504954833 0.34721894702395395 0.5214574339392202 0.33691051564206065 0.5166236961772027 0.3285382362477822 0.512850548418261 0.32752722435285053
0 0.4404834914464062 0.3485770056758938 0.4334922799841328 0.3558028232648479 0.43524340395321104 0.364360130677663 0.4373150058512185 0.3679482504180681 0.4479439151620411 0.3697852461893949 0.4566366724852487 0.35998232075496744 0.4485352929117554 0.3487124555862865 0.4404834914464062 0.3485770056758938