0 0.6179084524693572 0.5367384019598903 0.6026833624317818 0.5419915959797434 0.5984149217176947 0.549227085823865 0.5989255998978569 0.5550641641329963 0.604215396972268 0.5595028309071374 0.6148315941756484 0.5575937411919851 0.6219334610142739 0.5491300658729272 0.6210823307140039 0.539401602024375 0.6179084524693572 0.5367384019598903
0 0.5570812984281716 0.5361783315124338 0.5473528345796194 0.5370294618127038 0.537417541616455 0.5467213226066979 0.5432180168710282 0.5569970676899703 0.5518885213046981 0.5552582040348719 0.5609360809130343 0.5466243026557601 0.5602551766728182 0.5388415315769184 0.5570812984281716 0.5361783315124338
0 0.5308867698543711 0.5953270387949008 0.5231039987755293 0.5960079430351168 0.513168705812365 0.605699803829111 0.5140198361126351 0.6154282676776631 0.5212553259567566 0.6196967083917502 0.5279801376207163 0.6181280707967058 0.5370276972290523 0.609494169417594 0.5361765669287821 0.5997657055690419 0.5308867698543711 0.5953270387949008
0 0.23774248744283755 0.7405695631156648 0.22463331623502653 0.7475982238451742 0.2168139421016267 0.7590655513488247 0.21944053911155317 0.7666780963676125 0.22684625501572878 0.7728922298514099 0.23940814498881963 0.7708129140762037 0.24989071918670414 0.7561717083279064 0.24692367005666957 0.7446677777696978 0.23774248744283755 0.7405695631156648
0 0.5667841838512506 0.6470828193859288 0.5590014127724089 0.6477637236261449 0.5497836271040187 0.6544519322355463 0.5439099457403294 0.6657490336791427 0.551656113764613 0.6758545527023612 0.5642180037377038 0.6737752369271548 0.5750410300556964 0.6630254167182785 0.5741898997554262 0.6532969528697263 0.5667841838512506 0.6470828193859288
0 0.7043078831568556 0.6615189606032653 0.6986776339623364 0.6531889082897034 0.6850577845743633 0.6543804907100815 0.6776154656156296 0.6589527804897185 0.6715715581918861 0.6683041891636046 0.6720822363720482 0.674141267472736 0.6796581783362778 0.6823010937262438 0.6922200683093687 0.6802217779510376 0.6987746539132742 0.6767074475862828 0.7030430946273613 0.6694719577421611 0.7043078831568556 0.6615189606032653
0 0.28925660044834683 0.5674522988787303 0.27952813659979464 0.5683034291790003 0.2658716841572634 0.5802814348628129 0.2665525883974795 0.5880642059416546 0.27184238547189066 0.5925028727157956 0.2785671971358502 0.5909342351207514 0.29150614228360716 0.5819598816215314 0.29243047869299355 0.5701154989432149 0.28925660044834683 0.5674522988787303
0 0.4327033733849358 0.5039271063021532 0.4231085325418794 0.5175103526355682 0.4266228629066343 0.5240649382394738 0.4372390601100147 0.5221558485243214 0.4462866197183507 0.5135219471452095 0.44437753000319846 0.502905749941829 0.4327033733849358 0.5039271063021532
0 0.3974008683064195 0.5374047524037184 0.39228129729206235 0.5349117783992878 0.38466875227327463 0.5375383754092143 0.3766791520798207 0.5470600101431544 0.37736005632003683 0.5548427812219962 0.38053393456468354 0.5575059812864808 0.39115013176806396 0.5555968915713285 0.39664675795708715 0.5511948278517456 0.399857239256292 0.5430716046527958 0.3974008683064195 0.5374047524037184
0 0.4077974471824513 0.6002142022691727 0.3945180499145862 0.6052971702289718 0.38830391643078876 0.6127028861331474 0.3888145946109508 0.6185399644422788 0.39427461774541595 0.6249243239861302 0.40506104100885043 0.6249609270406882 0.4158840673268429 0.614211106831812 0.41520316308662686 0.6064283357529703 0.4077974471824513 0.6002142022691727
0 0.5049100950242678 0.7466042104939747 0.49129024563629464 0.7477957929143528 0.47974971202352795 0.7615492653078219 0.48060084232379807 0.771277729156374 0.4880065582279737 0.7774918626401714 0.49879298149140805 0.7775284656947296 0.5129967151686594 0.7606011150566139 0.5124860369884974 0.7547640367474825 0.5049100950242678 0.7466042104939747
1 0.892919248026009 0.5763971076579979 0.9499154334241535 0.6116025927855764 1 0.6063922296108347 1 0.5603846921419289 0.8955824480904935 0.5732232294133512 0.892919248026009 0.5763971076579979
1 1 0.5547849057731702 0.9466573244413053 0.5295430443376299 0.8392671669325651 0.5458005153646146 0.8426112712372659 0.5504094081988096 0.8858539842419413 0.5740743597136214 0.9100900308332948 0.570973687578091 0.9964180199953285 0.5604800887511214 1 0.5562112512119533 1 0.5547849057731702
1 0.9433132201366048 0.5249341515034348 0.8931754694079158 0.5008921448139569 0.8468192950549731 0.5088689557946743 0.7903942047333704 0.5138055115362408 0.7838396191294649 0.5173198419009957 0.7852380306644552 0.5220989607952446 0.7972526394028259 0.5249689899743414 0.8283105176090766 0.543818219540346 0.8527167902604841 0.5426632401745259 0.9351533938830967 0.5325100934676645 0.9408202461321741 0.5300537225177919 0.9433132201366048 0.5249341515034348