0 0.3186989519130243 0.4300803520315156 0.30859740116744405 0.43476397602018935 0.30727932858339796 0.4404731756185403 0.3104992435673034 0.44823230230332156 0.31884336420082215 0.45116094444578253 0.3263099939112346 0.44486675089869393 0.3276280664952807 0.43915755130034295 0.3186989519130243 0.4300803520315156
0 0.47826281955955874 0.4769410745767396 0.4747491834683603 0.4791366380838921 0.4725523958282835 0.4886519707478104 0.47621166834020423 0.49450803089980794 0.4868982130345221 0.4959729640375007 0.4918767822634133 0.4830908558360304 0.4896812187562608 0.47957721974483175 0.47826281955955874 0.4769410745767396
0 0.28370577915591244 0.4861455482724238 0.2746298040200095 0.48204569409956344 0.2668706773352283 0.4852656090834688 0.26321018069038316 0.4924385176865881 0.2693575136838252 0.5048824924929673 0.27433485877979197 0.5050293530466139 0.28326519749497275 0.5010775835603244 0.28692569413981783 0.4939046749572051 0.28370577915591244 0.4861455482724238
0 0.2171082435718791 0.3665362847509514 0.20949597744074447 0.36477885463889 0.20363991728874692 0.36843812715081076 0.20232184470470083 0.37414732674916173 0.20554175968860616 0.3819064534339429 0.2124221713173567 0.3824926715156049 0.21666766191093934 0.38146832003885195 0.22076751608379985 0.37239234490294904 0.2171082435718791 0.3665362847509514
0 0.14918039407455613 0.3829259083789985 0.14332433392255856 0.3865851808909192 0.1415669038104971 0.39419744702205384 0.14668988532718616 0.4023959312348505 0.14976416389036934 0.40210343426048156 0.15591272101673564 0.40151844031174405 0.16089129024562687 0.38863633211027376 0.14918039407455613 0.3829259083789985
0 0.15283354592185508 0.4539268123065803 0.14522127979072044 0.45216938219451885 0.13702279557792385 0.4572923637112078 0.13628971694261535 0.4691501204359252 0.14038834698255148 0.47310311405513905 0.15107489167686927 0.4745680471928317 0.15619909732648268 0.46973756265051153 0.15795652743854413 0.46212529651937684 0.15283354592185508 0.4539268123065803
0 0.2122520522381474 0.6350204229587918 0.20376229518390634 0.6240401571571809 0.19380760499197267 0.6237464360498877 0.1828273391903617 0.6322361931041287 0.1820942605550532 0.6440939498288462 0.18721724207174226 0.6522924340416426 0.1936582961724774 0.6547817186560883 0.2005387078012279 0.6553679367377502 0.20961590707005523 0.6464388221554939 0.2122520522381474 0.6350204229587918
0 0.30185283289602094 0.5464611316386122 0.29043443369931893 0.54382498647052 0.28223594948652236 0.548947967987209 0.28003916184644556 0.5584633006511274 0.2851621433631346 0.566661784863924 0.2977517545902361 0.568566075529632 0.3052183843006485 0.5622718819825434 0.30551210540794166 0.5523171917906098 0.30185283289602094 0.5464611316386122
0 0.42145230335409856 0.5840953460955136 0.41193697069018026 0.5818985584554368 0.40329912894936826 0.5889246065049096 0.4025660503140598 0.6007823632296269 0.4047616138212121 0.6042959993208254 0.41925429158109734 0.6066396475145488 0.42628156376349446 0.6022485205002439 0.42701464239880293 0.5903907637755266 0.42145230335409856 0.5840953460955136
0 0.030748463248104946 0.3836467456850634 0.020793773056171274 0.38335302457777026 0.017280136964972704 0.38554858808492276 0.015083349324895898 0.39506392074884106 0.018742621836816648 0.4009199809008385 0.02942916653113454 0.40238491403853127 0.03645643871353159 0.3979937870242264 0.036310802292809405 0.38994216336507637 0.030748463248104946 0.3836467456850634
0 0.8632672531305963 0.571839852362209 0.8537519204666779 0.5696430647221322 0.8478958603146804 0.573302337234053 0.8471627816793719 0.5851600939587703 0.8604842474088574 0.5882355966548778 0.8651690955304556 0.5853081786453412 0.866926525642517 0.5776959125142066 0.8632672531305963 0.571839852362209
1 0.7924083132249635 0.6226315341340085 0.7401504741825471 0.5754881076778106 0.6455821414921015 0.5596687884034088 0.6261121186362495 0.5571782796560389 0.6225984825450509 0.5593738431631914 0.624354688524188 0.5647905457871735 0.6610954983299665 0.6053448334560654 0.6732457520290527 0.6091521906545572 0.7808430534746151 0.6249727340618831 0.7907977436665488 0.6252664551691763 0.7924083132249635 0.6226315341340085
1 0.7341487776098272 0.5710957565305813 0.6867214231097309 0.5290765357239967 0.5824908972017206 0.516037773905485 0.5905412967279462 0.5289211062398798 0.6132300104347792 0.5521997104271477 0.6230378400730663 0.5574707766304077 0.7149712517283441 0.5716795263463946 0.7306351415186287 0.5732913200377338 0.7341487776098272 0.5710957565305813
1 0.6471988317151381 0.49188902359265674 0.5678550312869619 0.479584564542378 0.5643413951957633 0.48178012804953035 0.5627296015044242 0.49744401783981507 0.5663888740163449 0.5033000779918126 0.5779529096337691 0.5139878468190548 0.5905425208608706 0.5158921374847628 0.6824759325161482 0.5301008872007497 0.685989568607347 0.5279053236935972 0.6471988317151381 0.49188902359265674