1 0.9990234375 0.353515625 0.9501953125 0.35546875 0.947265625 0.3583984375 1 0.3916015625 0.9990234375 0.353515625
0 0.806640625 0.5947265625 0.810546875 0.5830078125 0.806640625 0.5732421875 0.7919921875 0.564453125 0.7783203125 0.568359375 0.771484375 0.5771484375 0.771484375 0.5908203125 0.7822265625 0.6015625 0.80078125 0.6005859375 0.806640625 0.5947265625
0 0.74609375 0.4169921875 0.75 0.4013671875 0.7412109375 0.392578125 0.7294921875 0.392578125 0.720703125 0.4013671875 0.720703125 0.4111328125 0.7255859375 0.419921875 0.73828125 0.4208984375 0.74609375 0.4169921875
0 0.611328125 0.5751953125 0.61328125 0.5634765625 0.6025390625 0.548828125 0.5908203125 0.546875 0.578125 0.5556640625 0.576171875 0.5712890625 0.5888671875 0.583984375 0.6015625 0.5830078125 0.611328125 0.5751953125
0 0.177734375 0.4228515625 0.173828125 0.4072265625 0.1630859375 0.40234375 0.1533203125 0.404296875 0.146484375 0.4150390625 0.1484375 0.4248046875 0.1552734375 0.431640625 0.16796875 0.4306640625 0.177734375 0.4228515625
0 0.4970703125 0.73828125 0.5078125 0.7255859375 0.509765625 0.7099609375 0.5009765625 0.697265625 0.4853515625 0.693359375 0.470703125 0.7041015625 0.466796875 0.7197265625 0.4794921875 0.73828125 0.4921875 0.7392578125 0.4970703125 0.73828125
0 0.365234375 0.4892578125 0.369140625 0.4755859375 0.3603515625 0.46484375 0.3525390625 0.462890625 0.341796875 0.4677734375 0.337890625 0.4755859375 0.337890625 0.4853515625 0.3447265625 0.494140625 0.35546875 0.4951171875 0.365234375 0.4892578125
0 0.345703125 0.3779296875 0.345703125 0.3701171875 0.3388671875 0.361328125 0.3271484375 0.361328125 0.3203125 0.3681640625 0.3203125 0.3798828125 0.3291015625 0.388671875 0.337890625 0.3876953125 0.345703125 0.3779296875
0 0.41796875 0.3349609375 0.419921875 0.3193359375 0.4150390625 0.314453125 0.4033203125 0.314453125 0.3984375 0.3193359375 0.396484375 0.3271484375 0.4052734375 0.337890625 0.41015625 0.3388671875 0.41796875 0.3349609375
0 0.5517578125 0.494140625 0.55859375 0.4853515625 0.55859375 0.4736328125 0.5517578125 0.46484375 0.5361328125 0.46484375 0.52734375 0.4775390625 0.529296875 0.4873046875 0.5400390625 0.49609375 0.546875 0.4951171875 0.5517578125 0.494140625
0 0.59765625 0.3916015625 0.59765625 0.3798828125 0.5908203125 0.373046875 0.5791015625 0.373046875 0.572265625 0.3798828125 0.572265625 0.3916015625 0.5810546875 0.400390625 0.58984375 0.3994140625 0.59765625 0.3916015625
0 0.783203125 0.4189453125 0.783203125 0.4052734375 0.7744140625 0.3984375 0.7646484375 0.3984375 0.755859375 0.4072265625 0.755859375 0.4189453125 0.7646484375 0.427734375 0.775390625 0.4267578125 0.783203125 0.4189453125
0 0.10546875 0.6943359375 0.10546875 0.6787109375 0.0986328125 0.669921875 0.0869140625 0.666015625 0.068359375 0.6748046875 0.064453125 0.6923828125 0.06640625 0.6982421875 0.0791015625 0.708984375 0.091796875 0.7080078125 0.10546875 0.6943359375