0 0.49268788940787245 0.5272202818548026 0.4848424925581402 0.5290367624591138 0.48186212116675253 0.531914873656533 0.48165760077881564 0.5436318388341469 0.48453571197623485 0.5466122102255346 0.4972461342843114 0.5458573602143318 0.5012199628061618 0.5420198786177728 0.4994375689331735 0.5322216542384384 0.49268788940787245 0.5272202818548026
0 0.764038539672829 0.6491620760161371 0.7542403152934944 0.6509444698891252 0.7492730296411817 0.655741321884824 0.7509872500515242 0.6694452013233632 0.7577369295768253 0.6744465737069988 0.7684945243552995 0.6736576369644731 0.774455267138075 0.6679014145696346 0.7746257007946891 0.658137276921623 0.764038539672829 0.6491620760161371
0 0.9002933392377953 0.6769349050935646 0.8885763740601812 0.6767303847056276 0.881622174146943 0.683445977499606 0.881451740490329 0.6932101151476177 0.8920389016121891 0.7021853160531035 0.9027964963906634 0.7013963793105779 0.9087572391734386 0.6956401569157393 0.9070430187630963 0.6819362774772003 0.9002933392377953 0.6769349050935646
0 0.7338159011388763 0.5900318624269021 0.7279574185500693 0.5899296022329337 0.7209691319055085 0.5985980225565142 0.7208668717115401 0.6044565051453212 0.725629636975916 0.6113766183272364 0.7383400592839925 0.6106217683160335 0.7423479745371656 0.6048314591898722 0.7424843214624569 0.597020149071463 0.7338159011388763 0.5900318624269021
0 0.8185373930008784 0.5485353862225322 0.8107601696137919 0.5464462117676385 0.803805969700554 0.5531618045616169 0.8036696227752627 0.5609731146800262 0.8123380430988432 0.5679614013245871 0.8172371552885105 0.5670702043880929 0.8231978980712858 0.5613139819932543 0.8233342449965771 0.553502671874845 0.8185373930008784 0.5485353862225322
0 0.7699553118800799 0.5340134252322455 0.7601911742320683 0.5338429915756313 0.7551898018484327 0.5405926711009325 0.7569721957214208 0.5503908954802668 0.75985030691884 0.5533712668716546 0.7706079016973144 0.5525823301291288 0.7746158169504875 0.5467920210029675 0.7747521638757788 0.5389807108845582 0.7699553118800799 0.5340134252322455
0 0.43322669234961086 0.688316451603434 0.42346255470159927 0.68814601794682 0.4145214405274361 0.6967803515390778 0.41435100687082205 0.7065444891870895 0.4210325129334775 0.7154515166299297 0.43374293524155394 0.7146966666187269 0.4417246790165774 0.7050688758960065 0.44186102594186866 0.6972575657775972 0.43322669234961086 0.688316451603434
0 0.6129110279601462 0.5781543474368757 0.6011940627825323 0.5779498270489387 0.5961926903988966 0.5846995065742399 0.5960904302049281 0.5905579891630468 0.6027719362675835 0.5994650166058872 0.6096238759868531 0.5986079064007159 0.6155505320383057 0.5948045115354796 0.6176737932245221 0.5850744606187909 0.6129110279601462 0.5781543474368757
0 0.6882631039070908 0.737696846587577 0.6765461387294769 0.73749232619964 0.667570937823991 0.7480794873215001 0.6674345908986996 0.7558907974399094 0.6760348377596346 0.7667847391436748 0.686758345806786 0.7679486299307515 0.6947060028504866 0.7602736667376335 0.6968633507680257 0.7485907882913424 0.6882631039070908 0.737696846587577
0 0.5945417015290987 0.5114173441171684 0.5913908964810969 0.5240595929625993 0.5961877484767958 0.5290268786149122 0.6049925157256675 0.5282038551410636 0.6091026911728091 0.5165550634260954 0.6043058391771103 0.5115877777737825 0.5945417015290987 0.5114173441171684
0 0.65747530998357 0.4871213616346683 0.6477452590668811 0.484998100448452 0.6426757132205998 0.49565343503295767 0.6455197376866961 0.5005866339539476 0.6542904182042453 0.5017164380097016 0.6582301599947727 0.49983178394274486 0.6603193344496663 0.49205456055565844 0.65747530998357 0.4871213616346683