0 0.29859439279141387 0.307306787176503 0.29078665195532716 0.3070341348585147 0.28566824315453326 0.31369550039134786 0.2873475260455666 0.32157140430693165 0.2920569563693781 0.3266216500282285 0.30282668155874587 0.3260205793609516 0.30693504121528037 0.3203010998928807 0.305255758324247 0.31242519597729695 0.29859439279141387 0.307306787176503
0 0.2280520729486454 0.3126606571506952 0.22300182722734854 0.31737008747450657 0.22272917490936023 0.32517782831059333 0.2293223773626963 0.3322481723204089 0.2381401673430424 0.3315789385736349 0.24224852699957694 0.325859459105564 0.24063740718804066 0.3160316199809586 0.2280520729486454 0.3126606571506952
0 0.21987872261867988 0.3788219650189407 0.21402291699161488 0.3786174757804495 0.2069525729817993 0.3852106782337856 0.20667992066381102 0.39301841906987234 0.2132731231171471 0.40008876307968794 0.2220909130974932 0.3994195293329139 0.22815120796304938 0.39376821294434006 0.2284238602810377 0.38596047210825335 0.21987872261867988 0.3788219650189407
0 0.3964142173676989 0.41625576859752106 0.3847026061135689 0.41584679012053866 0.3775640990242562 0.4243919277828964 0.37735960978576494 0.4302477334099614 0.383884649159604 0.43927001262879867 0.3945862112694746 0.44062087717054343 0.40259844134405254 0.43503772386146666 0.4048230288710625 0.42729814610487704 0.3964142173676989 0.41625576859752106
0 0.26892496106581654 0.42939258531140634 0.25324131631414615 0.43079921588445147 0.2498021904043856 0.44533648533286846 0.2583473280667433 0.45247499242218103 0.26911705325611107 0.4518739217549042 0.27517734812166733 0.44622260536633035 0.2755181635191527 0.436462929321222 0.26892496106581654 0.42939258531140634
0 0.8325199451431798 0.23996199560275308 0.8226921060185741 0.2415731154142894 0.8193211431883107 0.25415844965368467 0.8240305735121224 0.2592086953749816 0.8366840708310146 0.2606277229962234 0.8407242674080522 0.25686017873717415 0.8410650828055374 0.2471005026920658 0.8325199451431798 0.23996199560275308
0 0.22014515572698504 0.539085141397209 0.20250957576629292 0.540423608890757 0.19725484080650482 0.5509888448416336 0.1989341236975382 0.5588647487572173 0.2093630334894206 0.5680233541350488 0.21818082346976664 0.5673541203882746 0.2263293797033387 0.5578670966611547 0.22673835818032112 0.5461554854070246 0.22014515572698504 0.539085141397209
0 0.08814478050126898 0.40158213161894035 0.07831694137666353 0.40319325143047663 0.07319853257586956 0.40985461696330977 0.074877815466903 0.4177305208788935 0.08147101792023902 0.4248008648887091 0.09224074310960678 0.4241997942214322 0.09830103797516301 0.4185484778328584 0.0967580812431238 0.4067687034992312 0.08814478050126898 0.40158213161894035
0 0.049403522735217247 0.33573684505178664 0.04610072298445085 0.3463702440821602 0.05269392543778687 0.3534405880919758 0.06346365062715464 0.3528395174246988 0.06589272739265578 0.33924413404104425 0.057279426650800956 0.3340575621607532 0.049403522735217247 0.33573684505178664
0 0.10562545941625667 0.2927509014702062 0.09579762029165122 0.2943620212817425 0.09444675574990655 0.30506358339161316 0.09915618607371801 0.31011382911291 0.10797397605406404 0.30944459536613605 0.11201417263110156 0.3056770511070869 0.11040305281956524 0.2958492119824814 0.10562545941625667 0.2927509014702062
1 0.6729136054634887 0.27738336076196707 0.5652721196011117 0.30977927429627755 0.5776529646020158 0.319006042753606 0.6199820714850189 0.33807304738373667 0.6307517966743866 0.3374719767164597 0.745327300387585 0.3023867311468565 0.7309263570981621 0.2950437348190526 0.6729136054634887 0.27738336076196707
1 0.6719717193987264 0.2763733116177077 0.6208248225353772 0.257975540734351 0.6071612760722255 0.25749839917787154 0.5656253320467939 0.27168245618060644 0.5242938772598534 0.2800107075562762 0.5113677276229728 0.2863994207711211 0.5545705574912411 0.30842840975453284 0.5652721196011117 0.30977927429627755 0.5860741731535761 0.3017112781903992 0.6669214736774295 0.28108274194151917 0.6719717193987264 0.2763733116177077
1 0.6034618948926733 0.25150626739181237 0.5570925914326328 0.236206807020731 0.46136720606287707 0.2631558934049589 0.49683045817455584 0.2829602948613606 0.5133878259114915 0.28451564864159656 0.5715493007533559 0.2699350102100759 0.6101232604255066 0.2566246761926063 0.6034618948926733 0.25150626739181237