0 0.294921875 0.4853515625 0.2919921875 0.482421875 0.2841796875 0.482421875 0.279296875 0.4873046875 0.28125 0.4970703125 0.29296875 0.4970703125 0.294921875 0.4853515625
0 0.244140625 0.5185546875 0.2392578125 0.51171875 0.2333984375 0.509765625 0.224609375 0.5166015625 0.224609375 0.5224609375 0.2314453125 0.529296875 0.23828125 0.5283203125 0.244140625 0.5185546875
0 0.25390625 0.5927734375 0.25390625 0.5830078125 0.2470703125 0.578125 0.2392578125 0.578125 0.232421875 0.5849609375 0.232421875 0.5927734375 0.2392578125 0.599609375 0.248046875 0.5986328125 0.25390625 0.5927734375
0 0.337890625 0.7529296875 0.337890625 0.7431640625 0.3291015625 0.734375 0.3193359375 0.734375 0.310546875 0.7412109375 0.30859375 0.7529296875 0.3193359375 0.765625 0.328125 0.7646484375 0.337890625 0.7529296875
0 0.412109375 0.6572265625 0.412109375 0.6455078125 0.3974609375 0.638671875 0.388671875 0.6455078125 0.38671875 0.6533203125 0.3955078125 0.6640625 0.404296875 0.6630859375 0.412109375 0.6572265625
0 0.5390625 0.6689453125 0.537109375 0.6611328125 0.5283203125 0.654296875 0.5205078125 0.654296875 0.513671875 0.6611328125 0.51171875 0.6689453125 0.5205078125 0.6796875 0.53125 0.6787109375 0.5390625 0.6689453125
0 0.96875 0.5693359375 0.9619140625 0.5625 0.9521484375 0.5625 0.947265625 0.5673828125 0.947265625 0.5771484375 0.9560546875 0.58203125 0.96484375 0.5810546875 0.96875 0.5693359375
0 0.126953125 0.5498046875 0.126953125 0.5400390625 0.1220703125 0.53515625 0.1142578125 0.533203125 0.10546875 0.5400390625 0.10546875 0.5478515625 0.1123046875 0.5546875 0.12109375 0.5537109375 0.126953125 0.5498046875
0 0.0625 0.7314453125 0.064453125 0.7177734375 0.0556640625 0.708984375 0.0458984375 0.708984375 0.037109375 0.7177734375 0.03515625 0.7275390625 0.0439453125 0.73828125 0.0546875 0.7373046875 0.0625 0.7314453125
0 0.380859375 0.5986328125 0.380859375 0.5888671875 0.3759765625 0.583984375 0.3681640625 0.58203125 0.359375 0.5888671875 0.359375 0.5986328125 0.3642578125 0.603515625 0.37109375 0.6044921875 0.380859375 0.5986328125
0 0.470703125 0.5458984375 0.470703125 0.5361328125 0.4599609375 0.53125 0.453125 0.5361328125 0.451171875 0.5439453125 0.4560546875 0.55078125 0.46484375 0.5517578125 0.470703125 0.5458984375
0 0.41015625 0.5380859375 0.41015625 0.5302734375 0.3994140625 0.5234375 0.390625 0.5302734375 0.390625 0.5380859375 0.3974609375 0.544921875 0.404296875 0.5439453125 0.41015625 0.5380859375
1 0.8974609375 0.62890625 0.908203125 0.6259765625 0.8427734375 0.5859375 0.7333984375 0.58984375 0.724609375 0.5927734375 0.7314453125 0.6015625 0.7744140625 0.6328125 0.82421875 0.6318359375 0.8974609375 0.62890625
1 0.8291015625 0.587890625 0.83984375 0.5849609375 0.7958984375 0.55859375 0.791015625 0.5595703125 0.791015625 0.5673828125 0.7880859375 0.5703125 0.7685546875 0.572265625 0.7451171875 0.564453125 0.7373046875 0.56640625 0.7314453125 0.5546875 0.6884765625 0.5546875 0.673828125 0.5576171875 0.6767578125 0.5625 0.7177734375 0.591796875 0.732421875 0.5908203125 0.8291015625 0.587890625
1 0.7314453125 0.5546875 0.734375 0.5458984375 0.732421875 0.5244140625 0.7236328125 0.521484375 0.6806640625 0.525390625 0.6318359375 0.525390625 0.62890625 0.5283203125 0.6689453125 0.556640625 0.689453125 0.5556640625 0.7314453125 0.5546875