0 0.3161551220189223 0.29048638773716057 0.30840085520922444 0.2895342834918079 0.3027213472384797 0.295724201796948 0.30370780969555145 0.303716494667984 0.30795916129826717 0.30915797657739064 0.3187402911922707 0.30949783656353835 0.3233315027811342 0.3041581885789413 0.32234504032406247 0.2961658957079053 0.3161551220189223 0.29048638773716057
0 0.24541461648628915 0.289671716338684 0.23997313457688257 0.2939230679413996 0.23902103033152983 0.3016773347510974 0.24497292257533182 0.30929540942426675 0.25381548576691093 0.30939724334907626 0.25840669735577443 0.3040575953644793 0.25765826096004085 0.2941267357910188 0.24541461648628915 0.289671716338684
0 0.23150603029351768 0.354868906037101 0.2256903301862443 0.3541548278530865 0.2180722555130751 0.3601067200968884 0.21712015126772238 0.3678609869065862 0.22307204351152432 0.3754790615797555 0.2319146067031035 0.375580895504565 0.2384443849943914 0.37047927358130617 0.23939648923974413 0.36272500677160835 0.23150603029351768 0.354868906037101
0 0.4041071832327325 0.4075463448576665 0.39247578301818564 0.40611818848963743 0.38461968228367827 0.41400864743586385 0.3839056040996637 0.41982434754313724 0.3896194702821275 0.4293809889187309 0.40016257411479295 0.43165941560730314 0.40863091910850524 0.4267958197453825 0.4115215900562825 0.41927957899702284 0.4041071832327325 0.4075463448576665
0 0.27595811302309914 0.409521751192505 0.2602115533423653 0.40955610940422404 0.25551850782869223 0.4237383205804002 0.2634089667749187 0.4315944213149076 0.2741900966689223 0.4319342813010554 0.28071987496021017 0.42683265937779646 0.2819100052669011 0.4171398258656742 0.27595811302309914 0.409521751192505
0 0.8539184117772546 0.26993254151446905 0.8439875522037941 0.27068097791020257 0.8395325327514593 0.2829246223839543 0.8437838843541747 0.2883661042933609 0.8562655548892648 0.29088255704327126 0.86061874041679 0.2874814757610987 0.8618088707234808 0.2777886422489764 0.8539184117772546 0.26993254151446905
0 0.21780359337106042 0.514545453819921 0.20011846698790214 0.5143417859703018 0.19396290689448098 0.5244088376802909 0.19494936935155277 0.532401130551327 0.20454036893886546 0.542433824049597 0.21338293213044457 0.5425356579744065 0.2223273292468333 0.533794928707637 0.2237554856148624 0.5221635284930902 0.21780359337106042 0.514545453819921
0 0.09828969637234461 0.36606109376138535 0.0883588367988841 0.3668095301571189 0.0826793288281393 0.37299944846225913 0.08366579128521104 0.3809917413332951 0.08961768352901303 0.38860981600646427 0.10039881342301664 0.3889496759926121 0.1069285917143046 0.3838480540693533 0.10641818137990915 0.37197862779346835 0.09828969637234461 0.36606109376138535
0 0.0654346556455909 0.29708984529327653 0.0612176622545942 0.3073949230646038 0.06716955449839619 0.315012997737773 0.0779506843923998 0.31535285772392074 0.0815554335241915 0.3020209168682878 0.07342694851662687 0.2961033828362048 0.0654346556455909 0.29708984529327653
0 0.12518912272425375 0.259167540854983 0.11525826315079332 0.2599159772507166 0.1129798364622211 0.270459081083382 0.11723118806493679 0.2759005629927886 0.12607375125651596 0.2760023969175982 0.13042693678404121 0.27260131563542556 0.12967850038830767 0.2626704560619652 0.12518912272425375 0.259167540854983
1 0.6916579355314335 0.2933008979994146 0.5816025681145442 0.3161919616513364 0.5931321344042815 0.32646268121094457 0.6336383673055759 0.34914635488220463 0.6444194971995796 0.34948621486835235 0.7616168871669616 0.3245203923774776 0.7479107281134618 0.3159502134589557 0.6916579355314335 0.2933008979994146
1 0.6908076652108904 0.2922126016175334 0.6414588691180169 0.2694270940214637 0.6278889022010457 0.2677609115920964 0.5852747929594265 0.2782708979233904 0.543374761901822 0.2829651841474109 0.5299409871213794 0.28820299820719825 0.5710594642818789 0.3139135349627641 0.5816025681145442 0.3161919616513364 0.6030286357660228 0.3099676851344772 0.6853661833014838 0.296463953220249 0.6908076652108904 0.2922126016175334
1 0.6247258469802113 0.26146915936214665 0.5798664285513915 0.24218656697305924 0.48215653953306353 0.26069008688573664 0.5157587759452034 0.2835099526935253 0.5321175798851421 0.28650245756611203 0.5913285191280381 0.27704640940498043 0.6309157652853514 0.26714866733289144 0.6247258469802113 0.26146915936214665