0 0.38034423443665355 0.5274830918611836 0.3705800967886419 0.5276535255177978 0.365817331524266 0.5345736386997129 0.3659195917182344 0.5404321212885199 0.3728737916314725 0.5471477140824981 0.3796916446194192 0.5460519967580671 0.38548195374558053 0.542044081504894 0.3853115200889664 0.5322799438568825 0.38034423443665355 0.5274830918611836
0 0.5427016132442293 0.5402765133982083 0.5359519337189281 0.5452778857818439 0.5341354531146171 0.5531232826315761 0.5411237397591779 0.5617917029551567 0.5498944202767271 0.5606618988994028 0.5555483824775971 0.5488426735278205 0.5505470100939613 0.5420929940025193 0.5427016132442293 0.5402765133982083
0 0.48628401911790026 0.4416367378655286 0.4814871671222016 0.4466040235178414 0.48158942731617005 0.4524625061066484 0.48655671296848285 0.45725935810234714 0.49142173842682724 0.45619772750923887 0.49525922002338635 0.4522238989873887 0.4951569598294179 0.4463654163985817 0.48628401911790026 0.4416367378655286
0 0.47292594891469025 0.40377816479188144 0.47498103663826097 0.4096025606493656 0.4847451742862726 0.4094321269927515 0.4865616548905837 0.4015867301430195 0.4776887141790661 0.3968580516099663 0.47292594891469025 0.40377816479188144
0 0.5105459148690775 0.37675030188145503 0.5076678036716583 0.3797306732728428 0.5078041505969495 0.38754198339125207 0.5107845219883372 0.39042009458867133 0.5156495474466816 0.3893584639955631 0.519418855580595 0.3814789804145082 0.5164043974578845 0.37664804168748656 0.5105459148690775 0.37675030188145503
1 0.9563651241287949 0.4578492231024195 0.9080606787806801 0.43232117637019724 0.831968578588835 0.43755621395099176 0.8212791572730064 0.4406729322676708 0.826280529656642 0.44742261179297194 0.8519740681233777 0.46455493205219617 0.8598535517044326 0.46832424018610963 0.8666714046923794 0.46722852286167854 0.9359456518962777 0.46308920260531494 0.9554398404609781 0.46079550776248446 0.9563651241287949 0.4578492231024195
1 0.8627366048239529 0.4096712408353941 0.7964086422801192 0.4147358447595747 0.7857192209642907 0.4178525630762536 0.8085005615022842 0.43601242719726335 0.8163800450833392 0.4397817353311767 0.8271035531304906 0.43861784454409997 0.8963778003343889 0.43447852428773653 0.9051143941206151 0.4313958927023803 0.8627366048239529 0.4096712408353941
1 0.8233051001873551 0.3888718726362249 0.7608827927027263 0.39386830309775983 0.7521461989165 0.39695093468311604 0.7571475713001358 0.403700614208417 0.7808201087746235 0.4169613661397594 0.7974020994105818 0.41569521515871444 0.8569122089664685 0.4117263285589649 0.8597903201638877 0.4087459571675772 0.8233051001873551 0.3888718726362249
0 0.6804661128316011 0.4870828397046275 0.6726548027131918 0.4872191866299188 0.6678579507174931 0.4921864722822318 0.668028384374107 0.5019506099302433 0.6710087557654949 0.5048287211276626 0.6836850913422486 0.5036307436092631 0.6874884862074848 0.4977040875578105 0.685433398483914 0.4918796917003264 0.6804661128316011 0.4870828397046275
0 0.5943712678724846 0.47881851823482 0.5846412169557957 0.4809417794210365 0.5818312792210223 0.4878278058716289 0.5838863669445931 0.49365220172911295 0.588819565865583 0.4964962261952094 0.5956374188535298 0.4954005088707783 0.5994749004500888 0.4914266803489281 0.5993385535247975 0.48361537023051876 0.5943712678724846 0.47881851823482
0 0.48604541199864054 0.4279669451583123 0.4801869294098336 0.42806920535228077 0.4754582508767804 0.4369421460637982 0.47850679573081384 0.44372591232042213 0.4853246487187605 0.44263019499599104 0.4911490445762447 0.44057510727242033 0.49101269765095346 0.432763797154011 0.48604541199864054 0.4279669451583123
0 0.4009099374386638 0.4187091665580421 0.40108037109527794 0.42847330420605373 0.406938853684085 0.42837104401208526 0.40673433329614805 0.41665407883447136 0.4037880486360831 0.4157287951666544 0.4009099374386638 0.4187091665580421
0 0.5663840345629185 0.44219200941089526 0.5616212692985425 0.4491121225928104 0.5636763570221133 0.4549365184502946 0.566656728413501 0.4578146296477139 0.5754274089310502 0.45668482559196005 0.5772098028040383 0.4468866012126256 0.5722425171517255 0.4420897492169268 0.5663840345629185 0.44219200941089526
0 0.5823524640350661 0.40577496289700826 0.5824888109603574 0.4135862730154175 0.5854691823517452 0.41646438421283677 0.5942398628692942 0.4153345801570829 0.5940353424813573 0.40361761497946896 0.5852305752324853 0.40279459150562047 0.5823524640350661 0.40577496289700826
0 0.6626569998680213 0.41804719961998893 0.6627592600619898 0.42390568220879593 0.6677265457143026 0.42870253420449467 0.6745443987022492 0.42760681688006363 0.67827962010484 0.41777450576940645 0.6694066793933223 0.41304582723635325 0.6626569998680213 0.41804719961998893