0 0.521484375 0.2587890625 0.5166015625 0.25 0.5087890625 0.25 0.50390625 0.2529296875 0.5 0.2626953125 0.5068359375 0.271484375 0.513671875 0.2705078125 0.521484375 0.2587890625
0 0.458984375 0.2607421875 0.4560546875 0.25390625 0.4482421875 0.251953125 0.44140625 0.2568359375 0.439453125 0.2685546875 0.4443359375 0.2734375 0.453125 0.2724609375 0.458984375 0.2607421875
0 0.4375 0.3369140625 0.439453125 0.3271484375 0.4375 0.3212890625 0.4306640625 0.31640625 0.41796875 0.3251953125 0.41796875 0.3369140625 0.4228515625 0.341796875 0.43359375 0.3408203125 0.4375 0.3369140625
0 0.16015625 0.5126953125 0.162109375 0.5009765625 0.1572265625 0.4921875 0.1474609375 0.48828125 0.134765625 0.4970703125 0.1328125 0.5126953125 0.1396484375 0.51953125 0.15234375 0.5185546875 0.16015625 0.5126953125
0 0.603515625 0.3837890625 0.603515625 0.3681640625 0.5888671875 0.36328125 0.578125 0.3740234375 0.578125 0.3857421875 0.5849609375 0.392578125 0.59765625 0.3916015625 0.603515625 0.3837890625
0 0.478515625 0.3896484375 0.478515625 0.3759765625 0.4716796875 0.369140625 0.4638671875 0.369140625 0.453125 0.3798828125 0.453125 0.3916015625 0.4599609375 0.3984375 0.470703125 0.3974609375 0.478515625 0.3896484375
0 0.18359375 0.3251953125 0.18359375 0.3095703125 0.1689453125 0.306640625 0.162109375 0.3173828125 0.162109375 0.3271484375 0.1669921875 0.33203125 0.177734375 0.3310546875 0.18359375 0.3251953125
0 0.337890625 0.2373046875 0.337890625 0.2294921875 0.3330078125 0.224609375 0.3271484375 0.224609375 0.318359375 0.2392578125 0.3251953125 0.248046875 0.330078125 0.2470703125 0.337890625 0.2373046875
0 0.291015625 0.2802734375 0.29296875 0.2685546875 0.2880859375 0.263671875 0.2802734375 0.263671875 0.271484375 0.2763671875 0.271484375 0.2822265625 0.2783203125 0.2890625 0.28515625 0.2880859375 0.291015625 0.2802734375
0 0.314453125 0.3486328125 0.314453125 0.3369140625 0.3076171875 0.33203125 0.3017578125 0.33203125 0.294921875 0.3388671875 0.291015625 0.3505859375 0.2958984375 0.357421875 0.306640625 0.3583984375 0.314453125 0.3486328125
0 0.419921875 0.4990234375 0.421875 0.4814453125 0.4169921875 0.474609375 0.4033203125 0.474609375 0.39453125 0.4853515625 0.39453125 0.4990234375 0.4013671875 0.505859375 0.4140625 0.5048828125 0.419921875 0.4990234375
1 0.9677734375 0.271484375 0.9736328125 0.26953125 0.9765625 0.2646484375 0.9111328125 0.23828125 0.8994140625 0.23828125 0.7890625 0.2646484375 0.7900390625 0.26953125 0.8408203125 0.296875 0.8515625 0.2978515625 0.9677734375 0.271484375
1 0.8955078125 0.240234375 0.90234375 0.2353515625 0.8623046875 0.21875 0.8154296875 0.21875 0.7392578125 0.236328125 0.736328125 0.2392578125 0.7783203125 0.263671875 0.7890625 0.2646484375 0.8955078125 0.240234375
1 0.8125 0.2197265625 0.693359375 0.2197265625 0.7275390625 0.23828125 0.73828125 0.2373046875 0.8125 0.2197265625