0 0.46057583138091013 0.6221883606886335 0.4508339949525915 0.622869576252541 0.4481158086932681 0.6259964918502089 0.45101787776840235 0.6394988197370732 0.45414479336607017 0.6422170059963966 0.46284432459516617 0.640629728346048 0.4663323298281491 0.6345121402634939 0.46578735737702315 0.626718671120839 0.46057583138091013 0.6221883606886335
0 0.49972038391368867 0.5939984806065938 0.4970021976543654 0.5971253962042616 0.49990426672949956 0.6106277240911261 0.5115944704434818 0.6098102654144372 0.5127253790524566 0.5979838185876734 0.5075138530563436 0.5934535081554678 0.49972038391368867 0.5939984806065938
0 0.4686961024484638 0.6823152603186459 0.46040530055771234 0.6897476398259855 0.4610865161216198 0.699489476254304 0.46643428523051433 0.7059681539721734 0.4790305510309377 0.7041083900962619 0.4821098269255762 0.6921457001567164 0.4725928370197912 0.6820427740930828 0.4686961024484638 0.6823152603186459
0 0.6020025365502857 0.6847409323634865 0.5901760897235219 0.6836100237545117 0.5838336551184341 0.69090616014907 0.5867357241935683 0.7044084880359345 0.5918110070768998 0.7069904311824764 0.6005105383059959 0.7054031535321277 0.606083153937424 0.7010976896224559 0.6074865487719617 0.6931679773670195 0.6020025365502857 0.6847409323634865
0 0.6844608624127335 0.6319854205451715 0.6747190259844149 0.6326666361090789 0.6720008397250916 0.6357935517067468 0.6750391519130072 0.651244246879275 0.6801144347963388 0.6538261900258169 0.6888139660254348 0.6522389123754683 0.6920294850328548 0.6422245897215866 0.6896723884088465 0.636515730977377 0.6844608624127335 0.6319854205451715
0 0.6110564814183903 0.6322236190603181 0.6120101832078608 0.6458621900599641 0.6151370988055286 0.6485803763192876 0.6199398954632971 0.6472655848945019 0.6189861936738267 0.6336270138948559 0.6157230349633773 0.6289604603498689 0.6110564814183903 0.6322236190603181
0 0.3486604737146663 0.6456773995152699 0.34281537185767513 0.6460861288536144 0.33660918036536885 0.6553306325338364 0.33923876321494 0.6649362258493735 0.3444502892110531 0.669466536281579 0.35704655501147653 0.6676067724056675 0.36067080335724094 0.663437551608777 0.3558203669964431 0.650071466834694 0.3486604737146663 0.6456773995152699
0 0.7531710781479799 0.746612288474432 0.7469648866556736 0.7558567921546538 0.7485521643060222 0.76455632338375 0.7747870011060918 0.7617428577183679 0.7700728078580753 0.7503251402299485 0.7629129145762985 0.7459310729105244 0.7531710781479799 0.746612288474432
0 0.6308736321962328 0.7336273213245837 0.6212680388806959 0.7362569041741549 0.6170102146740533 0.7453651647415954 0.6199122837491874 0.7588674926284599 0.6290205443166278 0.7631253168351024 0.6396684428313876 0.7614017960719724 0.6448323291244712 0.7512512303053093 0.6401181358764548 0.73983351281689 0.6308736321962328 0.7336273213245837
1 0.8569594887503633 0.6209020887068409 0.8664764786561484 0.6310050147704748 0.909163352121246 0.6534726841156917 0.9316376974627694 0.6528800719615364 1 0.6472508753928409 1 0.628461962744457 0.9669741188339728 0.6122301691918547 0.8569594887503633 0.6209020887068409
1 0.9213985282863544 0.6604486945816577 0.9640854017514517 0.6829163639268746 1 0.6796963477511977 1 0.6474540192803485 0.918135369575905 0.6557821410366705 0.9213985282863544 0.6604486945816577
1 0.9672123173491194 0.6856345501861979 1 0.7055481639376977 1 0.6804049705691216 0.9699305036084429 0.6825076345885301 0.9672123173491194 0.6856345501861979