0 0.470703125 0.7099609375 0.47265625 0.6982421875 0.4658203125 0.689453125 0.4521484375 0.689453125 0.4453125 0.6962890625 0.4453125 0.7080078125 0.4521484375 0.716796875 0.462890625 0.7158203125 0.470703125 0.7099609375
0 0.775390625 0.6044921875 0.7734375 0.5947265625 0.7607421875 0.58984375 0.7529296875 0.59375 0.75 0.5986328125 0.751953125 0.6064453125 0.7607421875 0.61328125 0.767578125 0.6123046875 0.775390625 0.6044921875
0 0.869140625 0.5537109375 0.8671875 0.5498046875 0.8623046875 0.544921875 0.8525390625 0.544921875 0.84765625 0.5498046875 0.849609375 0.5615234375 0.8544921875 0.564453125 0.86328125 0.5634765625 0.869140625 0.5537109375
0 0.806640625 0.5458984375 0.8037109375 0.53515625 0.7939453125 0.533203125 0.78515625 0.5380859375 0.78515625 0.5478515625 0.7900390625 0.552734375 0.802734375 0.5517578125 0.806640625 0.5458984375
0 0.728515625 0.7587890625 0.728515625 0.7470703125 0.7177734375 0.73828125 0.7080078125 0.73828125 0.701171875 0.7431640625 0.69921875 0.7548828125 0.7080078125 0.767578125 0.71875 0.7685546875 0.728515625 0.7587890625
0 0.6484375 0.5908203125 0.646484375 0.5810546875 0.6416015625 0.578125 0.6279296875 0.578125 0.625 0.5908203125 0.6337890625 0.599609375 0.640625 0.5986328125 0.6484375 0.5908203125
0 0.638671875 0.5244140625 0.638671875 0.5166015625 0.6337890625 0.51171875 0.6240234375 0.51171875 0.619140625 0.5166015625 0.619140625 0.5224609375 0.6259765625 0.529296875 0.634765625 0.5283203125 0.638671875 0.5244140625
0 0.69140625 0.4931640625 0.6865234375 0.486328125 0.6748046875 0.486328125 0.671875 0.4892578125 0.671875 0.4990234375 0.6748046875 0.501953125 0.6875 0.5009765625 0.69140625 0.4931640625
0 0.529296875 0.5439453125 0.529296875 0.5322265625 0.5263671875 0.529296875 0.5126953125 0.529296875 0.509765625 0.5322265625 0.509765625 0.5419921875 0.5146484375 0.546875 0.525390625 0.5458984375 0.529296875 0.5439453125
0 0.806640625 0.6689453125 0.806640625 0.6572265625 0.7998046875 0.650390625 0.7822265625 0.65234375 0.779296875 0.6669921875 0.7861328125 0.673828125 0.796875 0.6748046875 0.806640625 0.6689453125
0 0.9453125 0.6923828125 0.943359375 0.6845703125 0.9306640625 0.67578125 0.9189453125 0.677734375 0.9140625 0.6845703125 0.916015625 0.6962890625 0.9267578125 0.703125 0.9375 0.7021484375 0.9453125 0.6923828125