0 0.5658854818954364 0.617955005683261 0.5600988099711901 0.6118651512141295 0.5504125433213495 0.6201295853857621 0.547328415984193 0.6402862259918087 0.5481438833726309 0.6460885779570914 0.5536587328340647 0.650244315104462 0.5641604668723433 0.6477822328981121 0.5688755289863754 0.6392302962226306 0.5694505339940732 0.6292878871510137 0.5658854818954364 0.617955005683261
0 0.5420017270151942 0.5532666265536055 0.5342652577281507 0.554353916404856 0.5298063380358949 0.5717452922596676 0.5317090952755834 0.5852841135119937 0.5433137992061486 0.583653178735118 0.5466383889240451 0.579241299165971 0.5453106366920545 0.5557600688420278 0.5420017270151942 0.5532666265536055
0 0.6509135056129305 0.7598460155077928 0.6522882979680299 0.7626112802590279 0.6724606186151127 0.758790085738615 0.6666739466908663 0.7527002312694833 0.6605997722627712 0.7515815813361604 0.6509135056129305 0.7598460155077928
0 0.40566218849936514 0.7479643326037718 0.3940574845687998 0.7495952673806475 0.3885112750252936 0.7592501739484158 0.38790490993552335 0.7830032267351715 0.3936915818597697 0.789093081204303 0.40806155054157 0.7860873540723279 0.4125047901927895 0.7756013000750857 0.4114488604236115 0.7540541870729033 0.40566218849936514 0.7479643326037718
0 0.6857850758035748 0.6080073348464474 0.6780486065165313 0.609094624697698 0.6722305745102124 0.6168154139437052 0.6718960318832548 0.642502584052222 0.6793449986664494 0.6463864987367799 0.6879126153829671 0.6441962389932427 0.6923558550341865 0.6337101849960004 0.6912999252650086 0.612163071993818 0.6857850758035748 0.6080073348464474
0 0.7104947163480946 0.5522681551833759 0.7052516893494735 0.550046535357766 0.6952936002368203 0.5563768522076378 0.6930563003701742 0.5685252010638283 0.6949590576098627 0.5820640223161544 0.7024080243930573 0.5859479370007123 0.7071074064660532 0.5843013221828004 0.7104319961839496 0.5798894426136534 0.712397473587783 0.5658069764357021 0.7104947163480946 0.5522681551833759
0 0.7740174054213186 0.555174540303937 0.7707084957444582 0.5526810980155147 0.7629720264574148 0.5537683878667652 0.7563071669805856 0.5694974688626286 0.758209924220274 0.5830362901149547 0.7637247736817077 0.5871920272623253 0.7703582730764644 0.5852735899816007 0.773682862794361 0.5808617104124537 0.7756483401981944 0.5667792442345023 0.7740174054213186 0.555174540303937
0 0.7320627711565096 0.6636314924570691 0.7243419819105024 0.6578134604507501 0.7185396299452198 0.6586289278391879 0.7091251857581918 0.6688274793325814 0.7085188206684216 0.6925805321193372 0.7165114323772415 0.7003326814474169 0.7289472837372809 0.6975987767782544 0.7322718734551773 0.6931868972091074 0.7342373508590108 0.679104431031156 0.7320627711565096 0.6636314924570691
0 0.8571897120222328 0.6628107633034346 0.8513873600569504 0.6636262306918724 0.8422447383327348 0.6757588995070268 0.8416383732429648 0.6995119522937825 0.8534992195953063 0.7067204566962371 0.8620668363118241 0.7045301969526998 0.8681723708219916 0.691838203170884 0.8668446185900012 0.6683569728469408 0.8571897120222328 0.6628107633034346
0 0.43779985402084687 0.583689800582387 0.4281292674120425 0.5850489128964501 0.4242453527274844 0.5924978796796447 0.4258449274222877 0.6179132273253488 0.43108795442090886 0.6201348471509587 0.43965557113742654 0.6179445874074212 0.4438269883258334 0.6055244160884181 0.44110876369770713 0.5861832428708093 0.43779985402084687 0.583689800582387
1 0.946984994487511 0.5298793712213264 0.9444915521990886 0.5331882808981867 0.9474815992900275 0.5544635714375563 1 0.5836114216201208 1 0.5220019417998258 0.9911978704251986 0.5216933372548751 0.946984994487511 0.5298793712213264