0 0.4913285343494554 0.24999589342752718 0.4866619808044684 0.2532590521379765 0.4834464617970484 0.26327337479185814 0.49087884130438814 0.2715641766826097 0.4976300052478204 0.27011314214504256 0.5046060157137864 0.25787796597993423 0.4991220034921103 0.24945092097640123 0.4913285343494554 0.24999589342752718
0 0.4310653916066617 0.2561677972094173 0.4245867138887924 0.2615155663183118 0.42345580527981763 0.27334201314507567 0.4286673312759307 0.2778723235772812 0.4373668625050266 0.2762850459269326 0.44239450568532873 0.2641861128746058 0.438995103862098 0.25757119204395507 0.4310653916066617 0.2561677972094173
0 0.4251860020392543 0.3260841729707775 0.4180261087574775 0.3216901056513534 0.40597481540818003 0.3313433386699199 0.406792274084869 0.3430335423839022 0.412003800080982 0.34756385281610774 0.4226516985957417 0.34584033205297776 0.4262759469415062 0.3416711112560873 0.42754309866326246 0.3317930317149872 0.4251860020392543 0.3260841729707775
0 0.15751656891489135 0.5161171971504974 0.14750224626100975 0.5129016781430774 0.13545095291171227 0.522554911161644 0.1345925305283005 0.5382780925597352 0.14188866692285879 0.544620527164823 0.1544849327232822 0.5427607632889114 0.16186967252759257 0.5363706889807942 0.16300058113656732 0.5245442421540305 0.15751656891489135 0.5161171971504974
0 0.5791136936029946 0.3574152283719817 0.5691470106521423 0.3688805855634303 0.5699644693288313 0.3805707892774126 0.5772606057233896 0.3869132238825004 0.589856871523813 0.3850534600065888 0.5951570009296783 0.3768512615255895 0.5940670560274263 0.3612643232402798 0.5791136936029946 0.3574152283719817
0 0.4626203858015159 0.3714349169958625 0.454826916658861 0.37197988944698845 0.44486023370800887 0.38344524663843715 0.4456776923846978 0.3951354503524194 0.45297382877925596 0.40147788495750725 0.4636217272940157 0.39975436419437715 0.4708702239855446 0.3914159226005963 0.4699165221960741 0.3777773516009503 0.4626203858015159 0.3714349169958625
0 0.1562636769146316 0.3302048463357552 0.15019372853510682 0.3413977173016408 0.1508749440990143 0.3511395537299594 0.15608647009512733 0.355669864162165 0.16673436860988705 0.3539463433990349 0.17217074112853373 0.34769251220369923 0.17108079622628175 0.3321055739183895 0.1562636769146316 0.3302048463357552
0 0.31420431817356126 0.2369289988642334 0.3083592163165701 0.23733772820257787 0.30061338687694455 0.2525635768525726 0.30804576638428427 0.26085437874332396 0.3128485630420529 0.25953958731853843 0.3199608166208002 0.24925277843909383 0.3194158441696743 0.24145930929643894 0.31420431817356126 0.2369289988642334
0 0.2721167328589256 0.2790299361714822 0.26432326371627074 0.27957490862260814 0.2564411911638637 0.2928523899869391 0.25684992050220823 0.2986974918439302 0.26414605689676646 0.305039926449018 0.2708972208401987 0.30358889191145083 0.27619735024606384 0.2953866934304515 0.27732825885503865 0.2835602466036877 0.2721167328589256 0.2790299361714822
0 0.2963689146629151 0.3458603600418974 0.29052381280592393 0.3462690893802419 0.28418137820083617 0.35356522577480015 0.2811021023061977 0.3655279157143454 0.2864498714150922 0.37200659343221476 0.29723401304263347 0.3722314399547484 0.3043462666213808 0.3619446310753037 0.30352880794469184 0.3502544273613214 0.2963689146629151 0.3458603600418974
0 0.4154232298931325 0.4804615575795851 0.40178465889348647 0.4814152593690556 0.39376634322829795 0.49274437344772276 0.3947200450177684 0.5063829444473689 0.40201618141232665 0.5127253790524566 0.4146124472127501 0.510865615176545 0.4200488197313968 0.5046117839812094 0.4207709990020271 0.48694023529745445 0.4154232298931325 0.4804615575795851
1 0.9589843226117774 0.23197842255883713 0.8918747365194927 0.21023960848055698 0.8801845328055103 0.21105706715724595 0.7719410631880603 0.24505776138586066 0.7732558546128458 0.24986055804362914 0.8258208076190435 0.2735953791106024 0.8366049492465848 0.273820225633136 0.9506935207210259 0.23941080206617693 0.9564023794652355 0.23705370544216864 0.9589843226117774 0.23197842255883713
1 0.8418031232500848 0.19416201344345718 0.7950423083941554 0.19743184815021303 0.7202821722683038 0.2202806351196648 0.7175639860089805 0.22340755071733268 0.7611569215605191 0.24483291486332695 0.7719410631880603 0.24505776138586066 0.8764240413469644 0.21327792066847265 0.8829027190648336 0.20793015155957817 0.8418031232500848 0.19416201344345718
1 0.708728211667103 0.22304646108201748 0.7193761101818626 0.22132294031888738 0.7921878790220506 0.19861039646221718 0.6733374745965637 0.2069212263418883 0.708728211667103 0.22304646108201748