0 0.45703125 0.6318359375 0.45703125 0.6240234375 0.4521484375 0.619140625 0.4423828125 0.619140625 0.439453125 0.6220703125 0.44140625 0.6357421875 0.4443359375 0.638671875 0.453125 0.6376953125 0.45703125 0.6318359375
0 0.505859375 0.5986328125 0.5009765625 0.59375 0.4931640625 0.59375 0.490234375 0.5966796875 0.4921875 0.6103515625 0.50390625 0.6103515625 0.505859375 0.5986328125
0 0.46875 0.6904296875 0.4599609375 0.6796875 0.4560546875 0.6796875 0.447265625 0.6865234375 0.447265625 0.6962890625 0.4521484375 0.703125 0.46484375 0.7021484375 0.46875 0.6904296875
0 0.591796875 0.7080078125 0.59375 0.7001953125 0.5888671875 0.69140625 0.5771484375 0.689453125 0.5703125 0.6962890625 0.572265625 0.7099609375 0.5771484375 0.712890625 0.5859375 0.7119140625 0.591796875 0.7080078125
0 0.681640625 0.6552734375 0.6796875 0.6494140625 0.6748046875 0.64453125 0.6650390625 0.64453125 0.662109375 0.6474609375 0.6640625 0.6630859375 0.6689453125 0.666015625 0.677734375 0.6650390625 0.681640625 0.6552734375
0 0.609375 0.6416015625 0.6064453125 0.63671875 0.6015625 0.6396484375 0.6015625 0.6533203125 0.6044921875 0.65625 0.609375 0.6552734375 0.609375 0.6416015625
0 0.349609375 0.6533203125 0.345703125 0.6396484375 0.3388671875 0.634765625 0.3330078125 0.634765625 0.326171875 0.6435546875 0.328125 0.6533203125 0.3330078125 0.658203125 0.345703125 0.6572265625 0.349609375 0.6533203125
0 0.751953125 0.7685546875 0.7451171875 0.763671875 0.7353515625 0.763671875 0.728515625 0.7724609375 0.7294921875 0.78125 0.755859375 0.7802734375 0.751953125 0.7685546875
0 0.626953125 0.7607421875 0.623046875 0.7490234375 0.6142578125 0.7421875 0.6044921875 0.744140625 0.599609375 0.7529296875 0.6015625 0.7666015625 0.6103515625 0.771484375 0.62109375 0.7705078125 0.626953125 0.7607421875
1 0.9990234375 0.681640625 1 0.6689453125 0.9580078125 0.64453125 0.84765625 0.6455078125 0.8564453125 0.65625 0.8974609375 0.681640625 0.919921875 0.6826171875 0.9990234375 0.681640625
1 0.9990234375 0.681640625 0.90625 0.6845703125 0.9091796875 0.689453125 0.9501953125 0.71484375 1 0.7138671875 0.9990234375 0.681640625
1 0.9990234375 0.71484375 0.9560546875 0.71484375 0.953125 0.7177734375 0.9931640625 0.74609375 1 0.7470703125 0.9990234375 0.71484375