0 0.271484375 0.5712890625 0.271484375 0.5615234375 0.2568359375 0.55859375 0.251953125 0.5634765625 0.25390625 0.5732421875 0.2568359375 0.576171875 0.267578125 0.5751953125 0.271484375 0.5712890625
0 0.20703125 0.5673828125 0.20703125 0.5576171875 0.2001953125 0.552734375 0.1904296875 0.5546875 0.1875 0.5595703125 0.189453125 0.5693359375 0.1923828125 0.572265625 0.203125 0.5712890625 0.20703125 0.5673828125
0 0.177734375 0.6318359375 0.1796875 0.6220703125 0.1728515625 0.615234375 0.1630859375 0.615234375 0.15625 0.6220703125 0.15625 0.6318359375 0.1650390625 0.638671875 0.169921875 0.6376953125 0.177734375 0.6318359375
0 0.34375 0.7001953125 0.345703125 0.6845703125 0.3388671875 0.6796875 0.3271484375 0.6796875 0.3203125 0.6865234375 0.3203125 0.6982421875 0.3291015625 0.705078125 0.3359375 0.7041015625 0.34375 0.7001953125
0 0.212890625 0.6923828125 0.21484375 0.6806640625 0.2060546875 0.671875 0.1962890625 0.671875 0.189453125 0.6787109375 0.1875 0.6884765625 0.1943359375 0.697265625 0.20703125 0.6962890625 0.212890625 0.6923828125
0 0.806640625 0.5947265625 0.806640625 0.5869140625 0.7978515625 0.580078125 0.7919921875 0.580078125 0.787109375 0.5830078125 0.78515625 0.5927734375 0.7900390625 0.599609375 0.796875 0.6005859375 0.806640625 0.5947265625
0 0.083984375 0.5224609375 0.0791015625 0.513671875 0.0712890625 0.513671875 0.064453125 0.5185546875 0.064453125 0.5283203125 0.0673828125 0.53125 0.080078125 0.5302734375 0.083984375 0.5224609375
0 0.02734375 0.5595703125 0.02734375 0.5517578125 0.0224609375 0.546875 0.0126953125 0.546875 0.005859375 0.5576171875 0.0126953125 0.56640625 0.021484375 0.5654296875 0.02734375 0.5595703125
0 0.041015625 0.6337890625 0.041015625 0.6240234375 0.0341796875 0.6171875 0.0224609375 0.619140625 0.017578125 0.6240234375 0.017578125 0.6337890625 0.0244140625 0.640625 0.03515625 0.6396484375 0.041015625 0.6337890625
1 0.703125 0.6259765625 0.6728515625 0.607421875 0.6357421875 0.58984375 0.5810546875 0.59765625 0.5439453125 0.599609375 0.5302734375 0.6015625 0.52734375 0.6044921875 0.5791015625 0.640625 0.591796875 0.6396484375 0.703125 0.6259765625
1 0.6337890625 0.591796875 0.63671875 0.5888671875 0.5849609375 0.560546875 0.4873046875 0.568359375 0.478515625 0.5712890625 0.4873046875 0.580078125 0.5205078125 0.6015625 0.54296875 0.6005859375 0.6337890625 0.591796875
1 0.5712890625 0.5625 0.578125 0.5576171875 0.5341796875 0.533203125 0.4541015625 0.5390625 0.4365234375 0.541015625 0.43359375 0.5439453125 0.4716796875 0.5703125 0.48828125 0.5693359375 0.5712890625 0.5625