0 0.41018443710981617 0.5373949495661041 0.4044752375114652 0.536076876982058 0.3962767532986686 0.5411998584987471 0.39495868071462253 0.5469090580970981 0.3967148866937596 0.5523257607210803 0.4050590073272784 0.5552544028635412 0.41208627950967547 0.5508632758492363 0.4138437096217369 0.5432510097181017 0.41018443710981617 0.5373949495661041
0 0.4653758148263911 0.5240783803683159 0.45351805810167384 0.5233453017330073 0.4501500584311974 0.5335924888993098 0.45234562193834993 0.5371061249905084 0.46112910009988406 0.5381317006001857 0.46581394822148214 0.5352042825906491 0.46757137833354356 0.5275920164595144 0.4653758148263911 0.5240783803683159
0 0.6265465796325674 0.6073910881437226 0.6174706044966645 0.6032912339708622 0.6097114778118833 0.6065111489547677 0.6070753326437911 0.6179295481514695 0.6107346051557119 0.6237856083034671 0.619518083317246 0.6248111839131444 0.6265453554996431 0.6204200568988395 0.6283027856117045 0.6128077907677049 0.6265465796325674 0.6073910881437226
0 0.565502814162768 0.5852800235880811 0.559793614564417 0.5839619510040349 0.5492527062908213 0.5905486415254922 0.5493983427115436 0.5986002651846423 0.5515939062186961 0.602113901275841 0.5622804509130139 0.6035788344135334 0.5669652990346119 0.6006514164039969 0.5691620866746887 0.5911360837400785 0.565502814162768 0.5852800235880811
0 0.5284609384521503 0.6328542386418239 0.5170425392554483 0.6302180934737318 0.5111864791034508 0.6338773659856525 0.508989691463374 0.6433926986495708 0.5126489639752947 0.6492487588015684 0.5190900180760298 0.6517380434160139 0.5275809992631952 0.649689340462508 0.532120210964071 0.6387102987938215 0.5284609384521503 0.6328542386418239
0 0.5508534827858415 0.6921454705312593 0.5379713745843712 0.6871669013023681 0.53021224789959 0.6903868162862735 0.5256730361987142 0.7013658579549601 0.5288929511826195 0.7091249846397414 0.5452886954752884 0.71190799036148 0.5527553251857008 0.7056137968143915 0.554073397769747 0.6999045972160405 0.5508534827858415 0.6921454705312593
0 0.6695742381878883 0.7335858180537281 0.6581558389911863 0.7309496728856358 0.6471755731895754 0.7394394299398769 0.6468818520822823 0.7493941201318106 0.6524441911269867 0.7556895378118235 0.665033802354088 0.7575938284775315 0.6748428561252997 0.7498359259256746 0.6751365772325928 0.739881235733741 0.6695742381878883 0.7335858180537281
1 0.7995799976951585 0.6393209995339705 0.7922602285383926 0.6406378479850923 0.8249024083042349 0.6772391420347702 0.833685886465769 0.6782647176444476 0.8550614241202534 0.6551366464095991 0.8533052181411165 0.6497199437856169 0.7995799976951585 0.6393209995339705
1 0.9636794046437958 0.7142895866758584 0.946113672453652 0.6992094667013871 0.9346952732569498 0.6965733215332949 0.872918429151842 0.6863200137023706 0.86428058741103 0.6933460617518433 0.8634018723549992 0.6971521948174106 0.8729159808859931 0.7123779512126043 0.8819919560218963 0.7164778053854647 0.8844800165034175 0.7230657200398465 0.9141972265255719 0.7289242284576927 0.9500629936740926 0.7341977429268015 0.9572359022772121 0.7378582395716465 0.9636794046437958 0.7142895866758584
1 0.9095184990685956 0.6667068026916451 0.8932696153295734 0.6589464518739395 0.8735046472335037 0.6794396020736201 0.8721865746494577 0.6851488016719711 0.8988295061084293 0.6912998070641861 0.936158982261718 0.6989157455940939 0.943478751418484 0.6975988971429722 0.9095184990685956 0.6667068026916451
1 0.8790633138794351 0.7248219260189835 0.8822832288633407 0.7325810527037648 0.9247332382674701 0.7744534129567028 0.9487412486912733 0.7789938487905029 0.9572359022772121 0.7378582395716465 0.8844800165034175 0.7230657200398465 0.8790633138794351 0.7248219260189835