0 0.2870624766793816 0.3577162872135811 0.27925473584329497 0.35744363489559283 0.2702324566244577 0.36396867426943186 0.26787154293845356 0.3756121224440648 0.2762803544418172 0.38665449995142087 0.28900201484020654 0.38612159236364096 0.2972187341532757 0.3746826334274992 0.2955394512622423 0.36680672951191545 0.2870624766793816 0.3577162872135811
0 0.517341243151152 0.47910809887648675 0.5037458597674973 0.4766790221109855 0.49270348226014127 0.48508783361434926 0.49027440549464013 0.4986832169980038 0.5005669891275284 0.5117456927938785 0.5132886495259179 0.5112127852060987 0.5233891409685116 0.5017939245584757 0.5238662825249911 0.488130378095324 0.517341243151152 0.47910809887648675
0 0.5684695651277909 0.38610923668661395 0.5618081995949578 0.38099082788582006 0.5500965883408278 0.3805818494088376 0.5409379829629963 0.39101075920071987 0.540665330645008 0.39881850003680663 0.5490741421483716 0.4098608775441626 0.5598438673377394 0.4092598068768857 0.5658359991237986 0.4055604256973336 0.5700125218598302 0.397889011020241 0.5684695651277909 0.38610923668661395
0 0.7637870151407555 0.41735881628884053 0.7501916317571009 0.41492973952333945 0.7411693525382637 0.4214547788971784 0.7387402757727624 0.43505016228083304 0.7452653151466014 0.4440724414996704 0.7579188124654938 0.44549146912091214 0.7679511408285904 0.43802454368231086 0.7702438914350974 0.42833303071669954 0.7637870151407555 0.41735881628884053
0 0.022119757420847756 0.6973096032290785 0.009875238578937861 0.6841789643537068 0 0.6838341134236157 0 0.7299657032143296 0.001441632979180886 0.7298108709874762 0.010327586039023997 0.7271897020316807 0.019486191416855397 0.7167607922397983 0.022119757420847756 0.6973096032290785
0 0.3727679307342374 0.30989698419739176 0.363008254689129 0.3095561687999064 0.3560060737588105 0.3141974360442209 0.35364516007280644 0.32584088421885377 0.36205397157617003 0.3368832617262098 0.3708717615565161 0.33621402797943584 0.37895215471059107 0.32867893946133736 0.3793611331875735 0.31696732820720736 0.3727679307342374 0.30989698419739176
0 0.30848417578583315 0.47181464937030004 0.2928686941136598 0.4712693447343234 0.28371008873582837 0.48169825452620574 0.283369273338343 0.4914579305713141 0.29366185697123126 0.5045204063671889 0.30638351736962066 0.5039874987794091 0.31648400881221433 0.4945686381317861 0.3169611503686939 0.4809050916686344 0.30848417578583315 0.47181464937030004
0 0.4500583127048766 0.7269109132463485 0.4324908958236816 0.7262974455308748 0.41942842002780684 0.7365900291637631 0.4167948540238145 0.7560412181744827 0.42701927457720557 0.7710556291793791 0.44748051273218464 0.7727473091186093 0.4616212007518158 0.7595609042119371 0.4623028315467865 0.7400415521217203 0.4500583127048766 0.7269109132463485
0 0.5669079921378718 0.5707375216379045 0.5532444456747201 0.570260380081425 0.542202068167364 0.5786691915847887 0.5397048283223659 0.5942165101774649 0.5518811840847786 0.6092990842618585 0.5665547796921897 0.6088343397535757 0.5786753694233022 0.5975317069764281 0.5791525109797817 0.5838681605132764 0.5669079921378718 0.5707375216379045
0 0.10665408344722627 0.40320564847867324 0.09999271791439313 0.39808723967787935 0.08828110666026312 0.397678261200897 0.07925882744142577 0.40420330057473597 0.07696607683491877 0.41389481354034724 0.08530672525878531 0.426889126256725 0.09796022257767764 0.4283081538779667 0.10590428957275848 0.4246769357779117 0.11028530154728133 0.4111497154737541 0.10665408344722627 0.40320564847867324
0 0.7866587138033558 0.6018631721293338 0.775151591787717 0.5955983880252863 0.7614198822450683 0.5970731816778285 0.7502411785787181 0.6093858635992355 0.7498322001017357 0.6210974748533655 0.7639604910731701 0.636248212017256 0.7805860218896028 0.6358516305884704 0.7907546764116937 0.6244808347318257 0.7912999810476703 0.6088653530596524 0.7866587138033558 0.6018631721293338
0 0.7543681544931325 0.4072583248462468 0.7446766415275212 0.40496557423973983 0.7316823288111436 0.41330622266360634 0.7293895782046366 0.4229977356292177 0.7330207963046915 0.43094180262429854 0.7388084388522594 0.43309822707181145 0.7411693525382637 0.4214547788971784 0.7590094217374469 0.4142605057765654 0.7543681544931325 0.4072583248462468
1 0.947894789552463 0.3778615868098075 0.9964762834913168 0.4137586114948621 1 0.41438819123218285 1 0.37311943516487156 0.9509249369852413 0.37503592861552065 0.947894789552463 0.3778615868098075