0 0.41163603444936037 0.31430536584704305 0.40891784819003696 0.3174322814447109 0.41168367415238966 0.32898624204591165 0.4148105897500575 0.33170442830523506 0.42545848826481725 0.32998090754210496 0.42853776415945577 0.3180182176025596 0.4192932604792337 0.3118120261102534 0.41163603444936037 0.31430536584704305
0 0.35540586939067553 0.32215315068903383 0.34892719167280617 0.32750091979792834 0.34738755372548696 0.333482264767701 0.3507869555487178 0.3400971855983518 0.3597589730033767 0.3424066425193306 0.3654678317475864 0.34004954589532244 0.36646249724377966 0.3262747317828949 0.35540586939067553 0.32215315068903383
0 0.3523809091953729 0.39089097813838997 0.3406907054813906 0.39170843681507894 0.33616039504918505 0.396919962811192 0.336705367500311 0.40471343195384685 0.33996852621076035 0.4093799854988339 0.3489405436654193 0.41168944241981276 0.35827365075539347 0.4051631249989141 0.357592435191486 0.39542128857059555 0.3523809091953729 0.39089097813838997
0 0.402684044983621 0.4382786928588908 0.3907213550440757 0.43519941696425235 0.38048218586766047 0.4427680395843736 0.38129964454434945 0.45445824329835594 0.3885957809389077 0.46080067790344376 0.3972953121680037 0.4592134002530951 0.4048162950850956 0.4547716932306417 0.40594720369407034 0.44294524640387795 0.402684044983621 0.4382786928588908
0 0.5243412390781834 0.41410843846834694 0.5125147922514196 0.4129775298593722 0.5024118661877859 0.4224945197651572 0.5029568386389118 0.43028798890781206 0.5123375854319152 0.438442547685782 0.5210371166610113 0.43685527003543345 0.5284218564653217 0.4304651957273163 0.529689008187078 0.4205871161862162 0.5243412390781834 0.41410843846834694
0 0.09379303265322424 0.4168047812809837 0.08210282893924191 0.41762223995767267 0.0760328805597171 0.42881511092355834 0.08346526006705686 0.4371059128143099 0.09216479129615286 0.4355186351639612 0.09954953110046325 0.4291285608558441 0.09914080176211877 0.42328345899885295 0.09379303265322424 0.4168047812809837
0 0.09504592465348391 0.602717132095726 0.08335572093950158 0.603534590772415 0.07338903798864933 0.6149999479638637 0.07601862083822053 0.6246055412794007 0.0852631245184425 0.6308117327717071 0.09591102303320223 0.629088212008577 0.10329576283751263 0.6226981377004598 0.10234206104804215 0.6090595667008137 0.09504592465348391 0.602717132095726
0 0.35743525636090134 0.5471690903298321 0.345745052646919 0.547986549006521 0.337590493868949 0.5573672957995244 0.33827170943285645 0.567109132227843 0.34973706662430515 0.5770758151786952 0.35843659785340115 0.5754885375283467 0.36554885143214855 0.5652017286489021 0.36473139275545957 0.5535115249349197 0.35743525636090134 0.5471690903298321
0 0.2252873425821639 0.4213150637242696 0.21763011655229053 0.42380840346105925 0.21309980612008492 0.42901992945717227 0.21586563208243761 0.44057389005837316 0.22302552536421438 0.44496795737779715 0.22977668930764666 0.4435169228402301 0.2352130618262933 0.4372630916448944 0.23453184626238582 0.4275212552165758 0.2252873425821639 0.4213150637242696
0 0.1974109124324099 0.3586538606507448 0.18766907600409136 0.35933507621465227 0.18313876557188577 0.36454660221076524 0.18368373802301177 0.3723400713534201 0.19097987441756997 0.37868250595850794 0.19578267107533853 0.3773677145337223 0.20303116776686742 0.3690292729399415 0.20053782803007775 0.3613720469100681 0.1974109124324099 0.3586538606507448
0 0.23338090966449138 0.31306491811051307 0.22767205092028173 0.31542201473452125 0.22327798360085774 0.32258190801629805 0.22563508022486595 0.3282907667605077 0.2308466062209789 0.33282107719271325 0.23370103559308375 0.3316425288807091 0.24303414268305787 0.32511621145981057 0.24262541334471338 0.3192711096028194 0.23338090966449138 0.31306491811051307
1 0.810411076153238 0.2492203061864445 0.7946878947551468 0.24836188380303276 0.6869893975888229 0.29015604717430227 0.6923371666977174 0.2966347248921715 0.7425450230799069 0.3146606872149351 0.7531929215946664 0.312937166451805 0.8667365206179817 0.27073427374219095 0.8712668310501872 0.265522747746078 0.810411076153238 0.2492203061864445
1 0.7366865692303025 0.2308808939313952 0.7288931000876476 0.23142586638252113 0.7004850494793808 0.24515971678822587 0.6288518289511971 0.270726690017001 0.6300303772632011 0.27358111938910584 0.6642425660217364 0.28685192475713017 0.6802382336453906 0.29160708171186933 0.6850410303031592 0.29029229028708375 0.7795096858081816 0.2552969305622758 0.7936455895559242 0.24745582171659164 0.7366865692303025 0.2308808939313952
1 0.6809060972166849 0.21716039551830355 0.6711642607883663 0.21784161108221106 0.5768318483961254 0.25478533809268267 0.6180676873236559 0.2705018434944674 0.6288518289511971 0.270726690017001 0.7252688517418833 0.2355950871794116 0.7297991621740888 0.23038356118329856 0.6809060972166849 0.21716039551830355