0 0.18842395395694808 0.27372048564086987 0.1712963551618951 0.26976626788873165 0.16778271907069658 0.2719618313958841 0.1645615799538668 0.2772316734662197 0.1692452039425405 0.28733322421179996 0.18520159070719394 0.2920192964663223 0.18988643882879203 0.28909187845678574 0.19208322646886883 0.2795765457928674 0.18842395395694808 0.27372048564086987
0 0.2645539600658407 0.21312097423078327 0.2586978999138431 0.21678024674270407 0.2610390998417178 0.22834550649305255 0.27699548660637124 0.23303157874757502 0.28124097719995395 0.23200722727082207 0.2816815588608937 0.21707519198292152 0.2645539600658407 0.21312097423078327
0 0.2152198666341877 0.2097493021615339 0.19999533437191838 0.206234441937411 0.19413927421992083 0.20989371444933172 0.19457740761501183 0.22101961667166492 0.21243686091244895 0.22614504645420275 0.217121709034047 0.22321762844466614 0.21887913914610846 0.2156053623135315 0.2152198666341877 0.2097493021615339
0 0.23204272712562832 0.3409189289016575 0.22882281214172293 0.3331598022168762 0.2102315043419017 0.3268631604039389 0.2001299535963214 0.33154678439261265 0.19837252348426 0.3391590505237473 0.20305614747293368 0.3492606012693275 0.21901253423758713 0.35394667352385 0.226332303394353 0.3526298250727282 0.23028529701356687 0.3485311950327921 0.23204272712562832 0.3409189289016575
0 0.3569157120528146 0.3426873762100381 0.3374456891969626 0.3401968674626682 0.33158962904496503 0.34385613997458886 0.3293928414048882 0.3533714726385072 0.3318809018864095 0.3599593872928889 0.3359795319263456 0.3639123809121029 0.3485691431534471 0.3658166715778108 0.35706012434061246 0.36376796862430494 0.36203869356950363 0.35088586042283465 0.3569157120528146 0.3426873762100381
0 0.16322881777472847 0.439288498125973 0.15473906072048743 0.428308232324362 0.13526903786463546 0.425817723576992 0.1270705536518389 0.43094070509368104 0.1229706994789784 0.440016680229584 0.13629094107553968 0.45612115168080836 0.14507441923707384 0.4571467272904856 0.15195483086582434 0.4577329453721476 0.15781089101782192 0.4540736728602268 0.16322881777472847 0.439288498125973
0 0.05096135780266029 0.2700477476667812 0.04144602513874199 0.2678509600267044 0.03544188030017352 0.2895165463897089 0.04495721296409183 0.2917133340297857 0.05344819415125714 0.2896646310762798 0.05798740585213302 0.2786855894075932 0.05096135780266029 0.2700477476667812
0 0.08742313609623784 0.1642091004662046 0.07834716096033488 0.16010924629334414 0.06678190120998635 0.16245044622121885 0.06546382862594027 0.16815964581956985 0.07014745261461393 0.17826119656515008 0.08273706384171545 0.1801654872308581 0.08932497849609713 0.1776774267493369 0.09108240860815857 0.1700651606182022 0.08742313609623784 0.1642091004662046
1 0.6696183069731652 0.2645429428695215 0.6529300657061274 0.2586856585845996 0.5453303159947164 0.2689230526875072 0.5538200730489574 0.27990331848911826 0.5917333190180598 0.3066967829005091 0.6024198637123775 0.30816171603820175 0.705774122830206 0.29894867341204706 0.7196818066413536 0.2951437644794041 0.6696183069731652 0.2645429428695215
1 0.6270202128824647 0.24067689646766718 0.5718312834317385 0.22793552815522172 0.49497431935215913 0.23524795251444147 0.5053671429391838 0.24666757584406773 0.5384499043659658 0.26833683460584523 0.5434272494619328 0.2684836951594919 0.6521982112037434 0.2575144465542 0.6466358721590388 0.2512190288741872 0.6270202128824647 0.24067689646766718
1 0.4479850982471539 0.20435463393019004 0.482824065653073 0.23144059531594974 0.49731674341295823 0.23378424350967317 0.5668539383357717 0.22778866760157515 0.4538411583991514 0.2006953614182693 0.4479850982471539 0.20435463393019004