0 0.384765625 0.5400390625 0.384765625 0.5302734375 0.3798828125 0.525390625 0.3701171875 0.525390625 0.365234375 0.5322265625 0.365234375 0.5380859375 0.3720703125 0.544921875 0.37890625 0.5439453125 0.384765625 0.5400390625
0 0.5546875 0.5498046875 0.5498046875 0.54296875 0.5419921875 0.541015625 0.53515625 0.5458984375 0.533203125 0.5537109375 0.5400390625 0.5625 0.548828125 0.5615234375 0.5546875 0.5498046875
0 0.49609375 0.4521484375 0.49609375 0.4462890625 0.4873046875 0.44140625 0.482421875 0.4462890625 0.482421875 0.4521484375 0.4873046875 0.45703125 0.4921875 0.4560546875 0.49609375 0.4521484375
0 0.48828125 0.4013671875 0.4794921875 0.396484375 0.474609375 0.4033203125 0.4765625 0.4091796875 0.486328125 0.4091796875 0.48828125 0.4013671875
0 0.521484375 0.3818359375 0.5185546875 0.376953125 0.5126953125 0.376953125 0.509765625 0.3798828125 0.509765625 0.3876953125 0.5126953125 0.390625 0.517578125 0.3896484375 0.521484375 0.3818359375
1 0.9365234375 0.470703125 0.9560546875 0.46875 0.95703125 0.4658203125 0.9091796875 0.439453125 0.8330078125 0.443359375 0.822265625 0.4462890625 0.8271484375 0.453125 0.8525390625 0.470703125 0.8603515625 0.474609375 0.8671875 0.4736328125 0.9365234375 0.470703125
1 0.8974609375 0.44140625 0.90625 0.4384765625 0.8642578125 0.416015625 0.7978515625 0.419921875 0.787109375 0.4228515625 0.8095703125 0.44140625 0.8173828125 0.4453125 0.828125 0.4443359375 0.8974609375 0.44140625
1 0.8583984375 0.41796875 0.861328125 0.4150390625 0.8251953125 0.39453125 0.7626953125 0.3984375 0.75390625 0.4013671875 0.7587890625 0.408203125 0.7822265625 0.421875 0.798828125 0.4208984375 0.8583984375 0.41796875
0 0.6875 0.5009765625 0.685546875 0.4951171875 0.6806640625 0.490234375 0.6728515625 0.490234375 0.66796875 0.4951171875 0.66796875 0.5048828125 0.6708984375 0.5078125 0.68359375 0.5068359375 0.6875 0.5009765625
0 0.599609375 0.4931640625 0.599609375 0.4853515625 0.5947265625 0.48046875 0.5849609375 0.482421875 0.58203125 0.4892578125 0.583984375 0.4951171875 0.5888671875 0.498046875 0.595703125 0.4970703125 0.599609375 0.4931640625
0 0.4921875 0.4404296875 0.4921875 0.4326171875 0.4873046875 0.427734375 0.4814453125 0.427734375 0.4765625 0.4365234375 0.4794921875 0.443359375 0.486328125 0.4423828125 0.4921875 0.4404296875
0 0.408203125 0.4150390625 0.4052734375 0.4140625 0.40234375 0.4169921875 0.40234375 0.4267578125 0.408203125 0.4267578125 0.408203125 0.4150390625
0 0.578125 0.4482421875 0.5732421875 0.443359375 0.5673828125 0.443359375 0.5625 0.4501953125 0.564453125 0.4560546875 0.5673828125 0.458984375 0.576171875 0.4580078125 0.578125 0.4482421875
0 0.595703125 0.4052734375 0.5869140625 0.404296875 0.583984375 0.4072265625 0.583984375 0.4150390625 0.5869140625 0.41796875 0.595703125 0.4169921875 0.595703125 0.4052734375
0 0.6796875 0.4208984375 0.6708984375 0.416015625 0.6640625 0.4208984375 0.6640625 0.4267578125 0.6689453125 0.431640625 0.67578125 0.4306640625 0.6796875 0.4208984375