0 0.345703125 0.5908203125 0.345703125 0.5830078125 0.3408203125 0.578125 0.3310546875 0.578125 0.326171875 0.5830078125 0.326171875 0.5908203125 0.3330078125 0.59765625 0.33984375 0.5966796875 0.345703125 0.5908203125
0 0.3935546875 0.5546875 0.3818359375 0.552734375 0.376953125 0.5576171875 0.3818359375 0.568359375 0.392578125 0.5673828125 0.3935546875 0.5546875
0 0.357421875 0.6533203125 0.35546875 0.6435546875 0.3525390625 0.640625 0.3408203125 0.640625 0.3359375 0.6455078125 0.3359375 0.6552734375 0.3427734375 0.662109375 0.3515625 0.6611328125 0.357421875 0.6533203125
0 0.48046875 0.6572265625 0.48046875 0.6494140625 0.4755859375 0.64453125 0.4638671875 0.64453125 0.458984375 0.6513671875 0.462890625 0.6630859375 0.4677734375 0.666015625 0.474609375 0.6650390625 0.48046875 0.6572265625
0 0.5078125 0.6044921875 0.5078125 0.5947265625 0.5009765625 0.58984375 0.4951171875 0.58984375 0.48828125 0.5966796875 0.48828125 0.6025390625 0.4931640625 0.609375 0.50390625 0.6083984375 0.5078125 0.6044921875
0 0.56640625 0.6142578125 0.568359375 0.6025390625 0.5634765625 0.59765625 0.5537109375 0.59765625 0.548828125 0.6025390625 0.548828125 0.6083984375 0.5537109375 0.615234375 0.5625 0.6162109375 0.56640625 0.6142578125
0 0.17578125 0.7646484375 0.1669921875 0.759765625 0.1533203125 0.763671875 0.1484375 0.7744140625 0.1513671875 0.78125 0.177734375 0.7802734375 0.17578125 0.7646484375
0 0.2314453125 0.619140625 0.234375 0.6103515625 0.2275390625 0.6015625 0.2158203125 0.6015625 0.212890625 0.6044921875 0.212890625 0.6162109375 0.224609375 0.6201171875 0.2314453125 0.619140625
0 0.513671875 0.7138671875 0.51171875 0.7001953125 0.5029296875 0.6953125 0.4931640625 0.697265625 0.48828125 0.7021484375 0.48828125 0.7138671875 0.4951171875 0.720703125 0.509765625 0.7197265625 0.513671875 0.7138671875
1 0.8837890625 0.6171875 0.884765625 0.6142578125 0.8349609375 0.587890625 0.7451171875 0.58984375 0.7265625 0.5927734375 0.7705078125 0.62109375 0.7890625 0.6201171875 0.8837890625 0.6171875
1 0.9453125 0.6474609375 0.9345703125 0.638671875 0.8896484375 0.6171875 0.7958984375 0.619140625 0.77734375 0.6220703125 0.7802734375 0.626953125 0.8212890625 0.65234375 0.857421875 0.6513671875 0.9453125 0.6474609375
1 0.9990234375 0.689453125 1 0.6748046875 0.9521484375 0.6484375 0.8330078125 0.65234375 0.828125 0.6552734375 0.8369140625 0.6640625 0.8837890625 0.693359375 0.904296875 0.6923828125 0.9990234375 0.689453125