0 0.6032144030129907 0.5678151926411559 0.5871311306334314 0.5686682832737399 0.5810336707849215 0.5744469408003521 0.5799156493276371 0.5801986625783656 0.583777066261578 0.5859234486077808 0.5945082264308171 0.5870145343164667 0.6036678840778814 0.5808362672221611 0.6055312531733554 0.571250064258805 0.6032144030129907 0.5678151926411559
0 0.5448979660974673 0.550510582471203 0.5353117631341113 0.548647213375729 0.523089907688493 0.5552250900377279 0.5258333031651495 0.5667015978451567 0.5346472227417174 0.5674200097347477 0.5457241209814527 0.5616144164595369 0.547214816257832 0.553945454088852 0.5448979660974673 0.550510582471203
0 0.5034145758609784 0.6001477785531513 0.49574561349029345 0.598657083276772 0.48352375804467507 0.6052349599387711 0.48166038894920093 0.6148211629021272 0.48743904647581326 0.620918622750637 0.4943357254597099 0.6212643608211332 0.5054126236994453 0.6154587675459224 0.5072759927949193 0.6058725645825664 0.5034145758609784 0.6001477785531513
0 0.1815919404394845 0.6589623389273046 0.16705323483350157 0.6621053439716545 0.1563759461614596 0.6709731350454197 0.15680249147775158 0.6790147712351994 0.16220847518526899 0.6870294716763805 0.1748568759471793 0.6884932312041612 0.18896903623687034 0.6773085899700314 0.18928783855876796 0.6654324725949093 0.1815919404394845 0.6589623389273046
0 0.523655558409063 0.6597932962534625 0.5159865960383782 0.6583026009770832 0.5052823716177376 0.6621909536596228 0.4965223235383668 0.6714314185524826 0.5011829596076947 0.6832806001790062 0.513831360369605 0.6847443597067869 0.5271981730211064 0.6773941996579996 0.5290615421165804 0.6678079966946435 0.523655558409063 0.6597932962534625
0 0.6518726830419327 0.7115768746816136 0.6487566137461813 0.702017607466856 0.6353359295974828 0.6994088907331923 0.6269216195886084 0.7017526766421555 0.6185342453283325 0.7090759009423441 0.617416223871048 0.7148276227203578 0.6224495337594707 0.7247595637542101 0.6350979345213809 0.7262233232819908 0.6423672873243723 0.7246518207598157 0.6484647471728823 0.7188731632332035 0.6518726830419327 0.7115768746816136
0 0.27882806903246 0.5067505578068036 0.2692418660691039 0.5048871887113295 0.25281285561904826 0.5126369583278101 0.251322160342669 0.520305920698495 0.25518357727661 0.52603070672791 0.26208025626050674 0.5263764447984063 0.2769916356855845 0.521316199161385 0.2811449191928246 0.5101854294244526 0.27882806903246 0.5067505578068036
0 0.4342278733719377 0.48522551264855773 0.4212606702881298 0.49563787049589914 0.4228321728103047 0.5029072232988907 0.43356333297954386 0.5039983090075765 0.44464023121927926 0.4981927157323657 0.4457313169279651 0.4874615555631266 0.4342278733719377 0.48522551264855773
0 0.3910652376188794 0.5076756023626128 0.3868311468658435 0.5038680569258689 0.37878951067606387 0.5042946022421608 0.3684848958231167 0.5112451527232547 0.3669942005467375 0.5189141150939396 0.36931105070710213 0.5223489867115886 0.38004221087634116 0.5234400724202743 0.38653928029254453 0.5207236126922165 0.3918644567542661 0.5137999979597212 0.3910652376188794 0.5076756023626128
0 0.38374643997997604 0.5709176061721644 0.36958040819308785 0.572143370623843 0.36156570775190666 0.5775493543313606 0.36044768629462226 0.5833010761093742 0.36393642940946846 0.5909431027314604 0.37429491575961277 0.5939514290328176 0.3876617284111141 0.5866012689840303 0.38915242368749337 0.5789323066133455 0.38374643997997604 0.5709176061721644
0 0.4367465537563481 0.7384045872142676 0.4233258696076496 0.7357958704806039 0.40844142593117033 0.7458355545088505 0.40657805683569626 0.7554217574722066 0.4119840405432137 0.7634364579133879 0.422342526893358 0.7664447842147448 0.4406618421874862 0.7540882500261337 0.4417798636447706 0.7483365282481199 0.4367465537563481 0.7384045872142676
1 0.856640325977373 0.6817408358476023 0.9017246289843881 0.7312927980224695 0.9603868039704075 0.7417007292085258 0.9701032590154712 0.6968319121902996 0.8600751975950223 0.6794239856872376 0.856640325977373 0.6817408358476023
1 0.9212114105717125 0.6515140407684681 0.813500199311628 0.6375409858830552 0.8154443756528978 0.6428930980933754 0.850488994631666 0.6775606165917635 0.8746408389496036 0.681260419034113 0.960517056052115 0.6949685430948256 0.9662418420815303 0.6911071261608844 0.9212114105717125 0.6515140407684681
1 0.9192672342304427 0.6461619285581477 0.8776986100868728 0.6092314313965922 0.8309394882245738 0.6041217409236591 0.7753395110371085 0.5933142001699094 0.768070158234117 0.5948857026920844 0.7680970939827156 0.5998651410833099 0.7788551899005532 0.6059356651832213 0.8035143867805786 0.6326154189890267 0.8272935572794214 0.6382324620240476 0.9093352931965903 0.6511952384465703 0.9154596887936988 0.6503960193111836 0.9192672342304427 0.6461619285581477