0 0.2713096580335585 0.38472740458600285 0.26352688695471677 0.3854083088262189 0.25536706070120885 0.3929842507904485 0.2544427242918225 0.4048286334687653 0.26413458508581666 0.4147639264319295 0.27669647505890743 0.4126846106567232 0.2834578897774251 0.4003295497982444 0.28083129276749863 0.3927170047794567 0.2713096580335585 0.38472740458600285
0 0.5146659018819445 0.47715045802272593 0.5008758264339174 0.4763963476733937 0.49094053347075306 0.48608820846738776 0.49018642312142074 0.49987828391541483 0.5019942027451794 0.5115890435882356 0.5145560927182702 0.5095097278130292 0.5234334262665523 0.498930133664207 0.5222418438461741 0.4853102842762339 0.5146659018819445 0.47715045802272593
0 0.5540794108272303 0.3786138202204461 0.5468439209831087 0.37434537950635915 0.5351697643648461 0.37536673586668323 0.5273503902314463 0.38683406337033377 0.5280312944716623 0.3946168344491755 0.5377231552656564 0.40455212741233987 0.5483393524690368 0.40264303769718757 0.5538359786580601 0.39824097397760455 0.557046459957265 0.39011775077865474 0.5540794108272303 0.3786138202204461
0 0.7517493599338049 0.3858272608063976 0.7379592844857777 0.38507315045706536 0.72979945823227 0.392649092421295 0.7290453478829375 0.40643916786932205 0.7366212898471672 0.41459899412282997 0.749353405880312 0.41446537111733417 0.7584009654886482 0.40583146973822226 0.7594955279580885 0.395932779829616 0.7517493599338049 0.3858272608063976
0 0.04972779607569905 0.7540778387563121 0.035974323682230046 0.7425373051435452 0.02040878152454654 0.7438991136239774 0.02326602149090674 0.7877623139724894 0.026439899735553406 0.790425514036974 0.033164711399512915 0.7888568764419297 0.04166498977312888 0.7851723200171209 0.04948436390652876 0.7737049925134704 0.04972779607569905 0.7540778387563121
0 0.35054856956970293 0.3268196719912085 0.34082010572115073 0.3276708022914786 0.3344357461772992 0.33313082542594374 0.33351140976791294 0.3449752081042604 0.34320327056190697 0.35491050106742483 0.351873774995577 0.35317163741232643 0.35897564183420266 0.3447079620932686 0.35795428547387853 0.333033805475006 0.35054856956970293 0.3268196719912085
0 0.30647677552292735 0.4953646464485061 0.2909112333652438 0.4967264549289382 0.283091859231844 0.5081937824325888 0.28394298953211405 0.517922246281141 0.2957507691558726 0.5296330059539617 0.3083126591289635 0.5275536901787554 0.31718999267724557 0.516974096029933 0.3159984102568675 0.5033542466419599 0.30647677552292735 0.4953646464485061
0 0.4780840544775458 0.731305914347283 0.4605728195501519 0.7328379488877691 0.4488620598773312 0.7446457285115278 0.44861862770816086 0.7642728822686861 0.4605966333919735 0.7779293347112174 0.4811115205039601 0.7771148074655054 0.49353978747155497 0.7623033756571541 0.49183752687101484 0.7428464479600497 0.4780840544775458 0.731305914347283
0 0.5750300054266113 0.5620562218079477 0.5614101560386382 0.5632478042283259 0.5514748630754739 0.57293966502232 0.5508909787861956 0.5886754332400574 0.5648146772397186 0.6021616596225348 0.57932225998252 0.5999121177872743 0.5899750602404585 0.5872166048086875 0.5887834778200803 0.5735967554207144 0.5750300054266113 0.5620562218079477
0 0.09778976019648475 0.4518639474782723 0.09055427035236314 0.4475955067641853 0.0788801137341005 0.44861686312450944 0.07072028748059259 0.45619280508873905 0.06962572501115229 0.46609149499734526 0.07948781186520032 0.47797248073022003 0.0922199278983452 0.47783885772472406 0.09966224685707896 0.47326656794508715 0.10236204997612171 0.4593062664370061 0.09778976019648475 0.4518639474782723
0 0.7969360011245394 0.5661689902583686 0.7847511663261145 0.5613532683095616 0.7713015429981956 0.5644905434996501 0.7617067021551394 0.5780737898330651 0.7627280585154634 0.5897479464513278 0.7785974497386968 0.6030639467737509 0.7950507252512086 0.6006441788784365 0.8037578327394368 0.5881188919599037 0.8023960242590045 0.5725533498022203 0.7969360011245394 0.5661689902583686
0 0.7411697657849826 0.37694992725811555 0.7312710758763764 0.3758553647886752 0.7193900901435015 0.3857174516427233 0.7182955276740612 0.39561614155132957 0.7228678174536982 0.4030584605100633 0.7288751218228835 0.40449347509961164 0.72979945823227 0.392649092421295 0.7466297889194478 0.383334286801967 0.7411697657849826 0.37694992725811555
1 0.9296713214904615 0.3241873441031514 0.9822654431690232 0.35389620304170666 0.9891604808930365 0.3542732582163728 0.98452777421702 0.31252597669762533 0.9323345215549461 0.32101346585850477 0.9296713214904615 0.3241873441031514