0 0.1568620573362101 0.32524759403405235 0.1393267517652366 0.32402140601901885 0.13619983616756876 0.32673959227834226 0.13384273954356057 0.3324484510225519 0.14004893103586685 0.34169295470277383 0.15654193140761774 0.3438252048042484 0.16071115220450818 0.34020095645848397 0.16139236776841565 0.33045912003016537 0.1568620573362101 0.32524759403405235
0 0.22257492459026365 0.25348480638939364 0.2173633985941506 0.2580151168215992 0.22148497968801167 0.2690717446747034 0.23797798005976256 0.27120399477617796 0.24201095774387152 0.26952811371607716 0.24011023016123714 0.2547109944044271 0.22257492459026365 0.25348480638939364
0 0.1733207699975447 0.2578721977125111 0.15773383171223493 0.2567822528102592 0.1525223057161219 0.26131256324246477 0.15469551952431929 0.2722329479827874 0.17313688718173387 0.27450144119704345 0.17730610797862428 0.27087719285127904 0.17785108042975023 0.26308372370862415 0.1733207699975447 0.2578721977125111
0 0.21045596354901716 0.38479523350252237 0.20606189622959312 0.37763534022074563 0.18671446648573742 0.374324541807267 0.17746996280551544 0.3805307332995732 0.17692499035438947 0.3883242024422281 0.18313118184669577 0.39756870612245016 0.19962418221844663 0.39970095622392476 0.2066478323874419 0.3972552561901644 0.2099109910978912 0.39258870264517726 0.21045596354901716 0.38479523350252237
0 0.3340682009255498 0.36700746969490566 0.31444828495613114 0.3675934058527544 0.3092367589600181 0.37212371628495994 0.3085555433961106 0.3818655527132785 0.31204354862909356 0.3879831407958327 0.31671010217408063 0.39124629950628204 0.32944261108728556 0.39115769609652984 0.3375085664555034 0.38780593397632834 0.3404106355306376 0.3743036060894639 0.3340682009255498 0.36700746969490566
0 0.15787765855020647 0.49271857719138 0.14777473248657275 0.48320158728559515 0.12815481651715402 0.48378752344344383 0.12085868012259575 0.49012995804853166 0.11822909727302462 0.4997355513640688 0.1339046389680865 0.5135580051795257 0.14274041330996395 0.5131969155442105 0.14962782036617775 0.5126995827961138 0.1548393463622908 0.5081692723639083 0.15787765855020647 0.49271857719138
0 0.020517311046472513 0.3431239612514213 0.010775474618153907 0.34244274568751376 0.008234495178334859 0.3647808479162558 0.017976331606653465 0.3654620634801633 0.026042286974871338 0.3621103013599618 0.028808112937224028 0.35055634075876096 0.020517311046472513 0.3431239612514213
0 0.039973372189000045 0.23288448464527828 0.030367778873462932 0.23025490179570704 0.019311151020358727 0.2343764828895681 0.018902421682014243 0.24022158474655927 0.02510861317432054 0.2494660884267812 0.03784112208752548 0.2493774850170291 0.04395871017007963 0.2458894797840462 0.04450368262120561 0.23809601064139133 0.039973372189000045 0.23288448464527828
1 0.6306964253767287 0.24090766084900647 0.6132973629185366 0.23773310554830931 0.5086238259475152 0.2646767696263959 0.5187267520111489 0.2741937595321809 0.5603646442807173 0.29472641358434715 0.5711487859082586 0.2945015670618135 0.671789345195171 0.26923378404382764 0.6849305834467204 0.26330007877708433 0.6306964253767287 0.24090766084900647
1 0.5848893123102699 0.2239992551426045 0.5283866610260219 0.2200482048719412 0.45361984890386386 0.23929367921343161 0.4656711422531613 0.24894691223199805 0.5017364188913015 0.26517410237449246 0.5066754586618515 0.26454052651361437 0.6123913008320956 0.23669080034908663 0.6059126231142262 0.23134303124019212 0.5848893123102699 0.2239992551426045
1 0.40237636331875837 0.2161314423116941 0.4410235831034404 0.23743391533752006 0.4557044593023091 0.23748155504054935 0.523447621255472 0.22068178073281933 0.40758788931487133 0.21160113187948845 0.40237636331875837 0.2161314423116941