0 0.8369140625 0.423828125 0.837890625 0.4208984375 0.8056640625 0.40234375 0.732421875 0.4072265625 0.7353515625 0.412109375 0.7587890625 0.427734375 0.78125 0.4267578125 0.8369140625 0.423828125
1 0.8798828125 0.447265625 0.880859375 0.4443359375 0.8408203125 0.421875 0.763671875 0.4287109375 0.7939453125 0.451171875 0.814453125 0.4501953125 0.8798828125 0.447265625
1 0.9111328125 0.4765625 0.9306640625 0.474609375 0.931640625 0.4716796875 0.8876953125 0.447265625 0.8525390625 0.447265625 0.80078125 0.4521484375 0.8076171875 0.4609375 0.8330078125 0.478515625 0.84765625 0.4794921875 0.9111328125 0.4765625
0 0.53125 0.5654296875 0.53515625 0.5556640625 0.5283203125 0.546875 0.5205078125 0.546875 0.515625 0.5517578125 0.515625 0.5615234375 0.5185546875 0.56640625 0.52734375 0.5673828125 0.53125 0.5654296875
0 0.4765625 0.4580078125 0.4765625 0.4521484375 0.4697265625 0.447265625 0.462890625 0.4521484375 0.462890625 0.4580078125 0.4677734375 0.462890625 0.47265625 0.4619140625 0.4765625 0.4580078125
0 0.47265625 0.4462890625 0.47265625 0.4384765625 0.4638671875 0.43359375 0.458984375 0.4365234375 0.45703125 0.4443359375 0.4619140625 0.44921875 0.46875 0.4482421875 0.47265625 0.4462890625
0 0.46875 0.4052734375 0.4638671875 0.40234375 0.4580078125 0.404296875 0.45703125 0.4130859375 0.4599609375 0.416015625 0.466796875 0.4150390625 0.46875 0.4052734375
0 0.5 0.3837890625 0.4931640625 0.3828125 0.490234375 0.3857421875 0.490234375 0.3935546875 0.5 0.3935546875 0.5 0.3837890625
0 0.55859375 0.4599609375 0.55859375 0.4541015625 0.5498046875 0.44921875 0.544921875 0.4521484375 0.544921875 0.4599609375 0.5498046875 0.46484375 0.5546875 0.4638671875 0.55859375 0.4599609375
0 0.365234375 0.5458984375 0.365234375 0.5361328125 0.3603515625 0.53125 0.3505859375 0.53125 0.345703125 0.5361328125 0.345703125 0.5439453125 0.3486328125 0.548828125 0.357421875 0.5498046875 0.365234375 0.5458984375
0 0.578125 0.4150390625 0.5732421875 0.41015625 0.5673828125 0.41015625 0.564453125 0.4130859375 0.564453125 0.4208984375 0.5673828125 0.423828125 0.576171875 0.4228515625 0.578125 0.4150390625
0 0.658203125 0.4267578125 0.6513671875 0.421875 0.64453125 0.4267578125 0.64453125 0.4345703125 0.6474609375 0.4375 0.65625 0.4365234375 0.658203125 0.4267578125
0 0.580078125 0.4990234375 0.580078125 0.4912109375 0.5751953125 0.486328125 0.5654296875 0.48828125 0.5625 0.4990234375 0.5673828125 0.50390625 0.576171875 0.5029296875 0.580078125 0.4990234375
0 0.666015625 0.5087890625 0.666015625 0.5009765625 0.6611328125 0.49609375 0.6533203125 0.49609375 0.646484375 0.5048828125 0.6484375 0.5126953125 0.662109375 0.5126953125 0.666015625 0.5087890625