1 0.5295729724752503 0.5636487795893713 0.4908691141398516 0.5342991354902948 0.39346472689595247 0.5262749658282349 0.38632270434545957 0.5283497246671878 0.4226119438557573 0.561338476109775 0.43533164045218536 0.561916362157261 0.5183157904585702 0.5671860530080725 0.5282466500320308 0.5664376166123389 0.5295729724752503 0.5636487795893713
1 0.5817449638028104 0.6035071693093943 0.5721539642154977 0.5934744758111242 0.5399124084582965 0.5836123326611019 0.540014242383106 0.5747697694695227 0.534062350139304 0.5671516947963535 0.43254280342921786 0.5605900397140415 0.4273393475811494 0.5629028246143328 0.4616900203890227 0.595653549995582 0.47199509816034996 0.5998705433865785 0.5416473073111019 0.6015354851055983 0.5746029412523177 0.6055819281483473 0.5817449638028104 0.6035071693093943
1 0.4750219612446558 0.5992582991273736 0.47175707209901174 0.601809110089003 0.5148484741736546 0.6435042325866409 0.5234530113038957 0.6455446332138749 0.6411951698173921 0.6481947966796188 0.584533800825778 0.6048334917526137 0.4750219612446558 0.5992582991273736
0 0.6983644677227066 0.5912610434149476 0.6906102009130087 0.5903089391695948 0.6829921262398395 0.5962608314133968 0.6825160741171632 0.6001379648182457 0.6865293996585408 0.6075180134300768 0.6970725034912061 0.609796440118649 0.7011876629573932 0.6083339255389009 0.7040783339051704 0.6008176847905412 0.6983644677227066 0.5912610434149476
0 0.2721203006713592 0.6491212276856851 0.2604889004568125 0.647693071317656 0.25310885184498144 0.6517063968590335 0.24974212877452792 0.6630997710122422 0.25933312836184064 0.6731324645105121 0.2681756915534198 0.6732342984353218 0.27688206260847037 0.6664321358709766 0.2780721929151612 0.6567393023588544 0.2721203006713592 0.6491212276856851
0 0.14148789521318708 0.6232426220025667 0.1279179282962159 0.6215764395731995 0.12029985362304665 0.6275283318170015 0.11887169725501759 0.6391597320315482 0.12676215620124404 0.6470158327660556 0.13754328609524763 0.6473556927522033 0.1462496571502981 0.6405535301878582 0.14743978745698902 0.630860696675736 0.14148789521318708 0.6232426220025667
0 0.024088078106533378 0.7219758131103804 0.02470032236573829 0.7250026761946862 0.05680568598641091 0.7279608228555539 0.04939127916286084 0.7162275887161975 0.0358213122458897 0.7145614062868303 0.024088078106533378 0.7219758131103804
0 0.035237222646666184 0.4468698917143551 0.02554438913454394 0.4456797614076642 0.02010290722513732 0.4499311130103799 0.01938882904112279 0.4557468131176533 0.02534072128492478 0.4633648877908225 0.03224471777407949 0.46322869565429386 0.03853647000402919 0.4600656404334595 0.0394885742493819 0.4523113736237617 0.035237222646666184 0.4468698917143551
0 0.20763470773626178 0.517232456918079 0.20147914764284064 0.5272995086280681 0.20549247318421818 0.534679557239899 0.21215844361203465 0.536481931805795 0.22038876254440884 0.5335569026462987 0.22181691891243793 0.521925502431752 0.20763470773626178 0.517232456918079
0 0.15406891825239152 0.5047520270933366 0.1424375180378448 0.5033238707253076 0.13917262889220078 0.5058746816869369 0.1377444725241717 0.5175060819014836 0.1439343908293119 0.5231855898722284 0.1508383873184666 0.5230493977356998 0.15736816560975447 0.517947775812441 0.15832026985510722 0.5101935090027432 0.15406891825239152 0.5047520270933366
0 0.11179590970726774 0.5605631257644076 0.1059802095999944 0.559849047580393 0.10077675375192593 0.5621618324806843 0.09547146397904797 0.5733171805725547 0.1011853301615118 0.5828738219481483 0.11196646005551539 0.5832136819342961 0.11849623834680327 0.5781120600110372 0.11968636865349416 0.568419226498915 0.11179590970726774 0.5605631257644076