1 0.9596168508324989 0.40592613412908757 1 0.4376996704698386 1 0.40572808875329586 0.9628367249300652 0.4033187314959802 0.9596168508324989 0.40592613412908757
0 0.7973049222661757 0.6048936324401012 0.7836554376361803 0.5946215386829438 0.7696501442883028 0.5970772897529886 0.7619329475724955 0.6051036548071301 0.760503847488758 0.6187006338453682 0.7700643238101514 0.6305068388697777 0.7886194453680272 0.6314751190521186 0.7950591935631597 0.626260313785904 0.8001689876458598 0.6150140746341963 0.7973049222661757 0.6048936324401012
0 0.7511182022611381 0.41838000189121133 0.7394636487997912 0.41715505896229343 0.7298040265070925 0.42497726686161535 0.7287832407329944 0.43468939474607116 0.7327205974785339 0.44394070272913044 0.7452442851509166 0.4462389370239036 0.7534223017681205 0.4431707144893998 0.75894041016046 0.42803962418390984 0.7511182022611381 0.41838000189121133
0 0.5968734139162949 0.5592788900503098 0.5854230176097677 0.5561115215445009 0.5718785441632867 0.5635254151341835 0.5683028613478386 0.578860662594493 0.5796016060913034 0.5928134503506133 0.5923294509185058 0.5931692590684954 0.6028582074222401 0.5864203425350288 0.6060255759280491 0.5749699462285015 0.5968734139162949 0.5592788900503098
0 0.1751394457272569 0.3676616119490549 0.16522316068798146 0.3685832517518479 0.1573018068173544 0.37855204238288054 0.1582234466201474 0.388468327422156 0.16430738609739773 0.3959813669831438 0.17703523092460008 0.3963371757010258 0.1875639874283344 0.38958825916755935 0.18531239351310919 0.37364054024279075 0.1751394457272569 0.3676616119490549
0 0.48776523374134495 0.7098315352898977 0.4803513401516623 0.6962870618434168 0.46522024984617244 0.6907689534510775 0.44952919366798066 0.6999211154628316 0.44401108527564126 0.7150522057683215 0.4546973585546473 0.7348322702551151 0.46722104622703 0.7371305045498884 0.47217918874666776 0.7366696846484919 0.48418955092589666 0.7251667827502073 0.48776523374134495 0.7098315352898977
0 0.3647914000390356 0.45043910304635526 0.3572258548862906 0.4476800488501855 0.3460321213263401 0.4514132484409054 0.3413306415532793 0.4587746364388307 0.3403098557791811 0.46848676432328656 0.3461896381016118 0.47794222946116544 0.35677090019710334 0.4800363066011191 0.36709549954601806 0.47522981564454375 0.3724094507835378 0.4620411509159449 0.3647914000390356 0.45043910304635526
0 0.3542450478986735 0.3452448187681078 0.3425904944373266 0.34401987583919 0.3350774548763388 0.3501038153164403 0.333852511947421 0.3617583687777873 0.34167471984674286 0.3714179910704858 0.35051771352016287 0.3713654854787286 0.3593082016018257 0.3624699862135513 0.3601248302211042 0.3547002839059867 0.3542450478986735 0.3452448187681078
0 0.43489941711310004 0.30658873396068576 0.42324486365175307 0.305363791031768 0.417878406822476 0.3097094620869468 0.41511935262630634 0.31727500723969176 0.42273740337080856 0.32887705510928156 0.42749138873562653 0.33035866078477616 0.43566940535283055 0.3272904382502724 0.43924508816827884 0.31195519078996276 0.43489941711310004 0.30658873396068576
0 0.5610288888967998 0.4799019693565584 0.5551491065743692 0.4704465042186795 0.5396097019592399 0.4688132469801224 0.5295417653569021 0.4805203060332266 0.530463405159695 0.4904365910725019 0.5402280386359081 0.5003003705200202 0.5471286067324369 0.5000437077734434 0.5520867492520746 0.49958288787204685 0.5598039459678821 0.4915565228179054 0.5610288888967998 0.4799019693565584
0 0.6035930043887152 0.38323564520118775 0.5919384509273683 0.38201070227226996 0.5844254113663805 0.38809464174952024 0.5832004684374626 0.3997491952108672 0.5910226763367845 0.4094088175035657 0.5998656700102046 0.40935631191180855 0.6084520009370478 0.4024032382235224 0.6096769438659655 0.39074868476217545 0.6035930043887152 0.38323564520118775
0 0.7835269656038288 0.42767795025381855 0.773814837719373 0.4266571644797203 0.7641552154266744 0.4344793723790422 0.7629302724977566 0.4461339258403892 0.7707524803970786 0.4557935481330877 0.7815378996473897 0.4559451996961502 0.7901242305742329 0.44899212600786403 0.7915533306579703 0.4353951469696259 0.7835269656038288 0.42767795025381855
0 0.08306987147955855 0.6270367298740956 0.07182363232785086 0.6219269357913956 0.052451882150696495 0.6287283579166193 0.04672961660353751 0.6458018737990004 0.04805957071596969 0.6518333076844935 0.05956247261425427 0.6638436698637225 0.07229031744145666 0.6641994785816046 0.08731639656343218 0.6520315996271039 0.08894965380198924 0.6364921950119745 0.08306987147955855 0.6270367298740956