0 0.291888965653074 0.5072398118572503 0.2857991111839425 0.501453139933004 0.2799967592186599 0.5006376725445661 0.2703418526508917 0.5061838820880723 0.2692545627996412 0.5139203513751158 0.27673488966490833 0.5238470804056966 0.27977197687895594 0.5232877554390352 0.28474318141476446 0.5230002529351863 0.2905298533390109 0.5169103984660548 0.291888965653074 0.5072398118572503
0 0.3248996622164954 0.44777877968517965 0.31936913271402545 0.44502919497498084 0.3097142261462572 0.45057540451848715 0.30862693629500676 0.4583118738055306 0.31278267344237737 0.46382672326696445 0.31941617283713414 0.465745160547689 0.32355622994346855 0.4643546881515534 0.3287835769010534 0.45522774646837433 0.3248996622164954 0.44777877968517965
0 0.4824099927496371 0.47780469092285865 0.4760796758997654 0.4877627800355119 0.4799635905843235 0.49521174681870656 0.49073714708541455 0.4957397117032955 0.4954208491173742 0.49048100466363814 0.49484584410967647 0.48053859559202106 0.4824099927496371 0.47780469092285865
0 0.43515476783270535 0.5895025708235093 0.4254841812239009 0.5881434585094463 0.4177633919778936 0.5939614905157651 0.4164042796638305 0.6036320771245695 0.42028819434838843 0.6110810439077641 0.42885581106490617 0.6132713036513013 0.4338270156007146 0.6129838011474525 0.4420914497723471 0.6032975344976119 0.43515476783270535 0.5895025708235093
0 0.3127303715540722 0.5624353465946967 0.30526572472984126 0.5594139394216854 0.29588264062488573 0.5630260316434307 0.29204576606343646 0.5762930304329443 0.2978637980697553 0.5840138196789516 0.3086373545708465 0.5845417845635406 0.31277741167718087 0.5831513121674049 0.31800475863476574 0.5740243704842258 0.3127303715540722 0.5624353465946967
0 0.02073095785648458 0.42278153138225755 0.015216108395050809 0.42693726852962827 0.013856996080987671 0.43660785513843264 0.0180127332283583 0.44212270459986636 0.028786289729449417 0.4426506694844554 0.03513228662035737 0.4395979022293715 0.03482910407547223 0.4277213758359936 0.02073095785648458 0.42278153138225755
0 0.8758826365376059 0.5409929426236781 0.8620719928224674 0.5410243027057506 0.8587630831456069 0.543517744994173 0.8590662656904919 0.555394271387551 0.8615597079789146 0.5587031810644112 0.8723332644800056 0.5592311459490003 0.8792229062965387 0.5523101440503947 0.8783760788260284 0.5443018523005384 0.8758826365376059 0.5409929426236781
0 0.22370867286476645 0.6485401366330483 0.21403808625596205 0.6471810243189852 0.20438317968819392 0.6527272338624913 0.20054630512674465 0.665994232652005 0.20609251467025086 0.6756491392197731 0.2185283660302903 0.6783830438889356 0.22955806495315784 0.6700715695941943 0.2311889997300336 0.6584668656636291 0.22370867286476645 0.6485401366330483
0 0.15621325062596358 0.48324103492455794 0.14654266401715918 0.4818819226104948 0.1410278145557254 0.4860376597578654 0.1410591746377979 0.49984830347300413 0.1435526169262203 0.5031572131498644 0.1562602907490723 0.5039570004972661 0.16094399278103197 0.4986982934576087 0.1623031050950951 0.4890277068488043 0.15621325062596358 0.48324103492455794
0 0.1485918033913703 0.41116640917585257 0.140871014145363 0.4169844411821715 0.13978372429411248 0.424720910469215 0.14393946144148312 0.4302357599306488 0.1527789006208134 0.4304919023524252 0.15719078018996038 0.4271673126345286 0.15854989250402352 0.4174967260257242 0.1485918033913703 0.41116640917585257
0 0.21262677730814694 0.3905811456966308 0.20295619069934254 0.3892220333825677 0.1996472810224823 0.3917154756709901 0.19828816870841917 0.4013860622797945 0.20437802317755066 0.4071727342040409 0.2074151103915983 0.4066134092373794 0.21376110728250616 0.40356064198229546 0.21651069199270495 0.3980301124798255 0.21262677730814694 0.3905811456966308
1 0.6026284492436967 0.5065342100106195 0.5893771304952194 0.5096026573067396 0.6214886976998253 0.5407419567125451 0.6286815220612435 0.5456974812073173 0.6394550785623346 0.5462254460919064 0.7452565262514852 0.5512332724749839 0.6962815480766568 0.5137793362603429 0.6026284492436967 0.5065342100106195
1 0.6517341295120116 0.4799061321853749 0.567751617287856 0.47402011824971463 0.566408185014829 0.4905960267160883 0.5794190413825662 0.5032723404568679 0.5896489529580321 0.5076685399849786 0.6915821660036608 0.5121327214424309 0.6821677218166329 0.5019341699490375 0.6517341295120116 0.4799061321853749
1 0.7499559083244811 0.5528798872928958 0.6405580484546214 0.5453942986624322 0.6333809041342394 0.5473440960252294 0.6372648188187974 0.554793062808424 0.6757380629553473 0.589784916816715 0.6959103836024301 0.593606111337128 0.804477096042816 0.599988730075305 0.8077860057196761 0.5974952877868825 0.7499559083244811 0.5528798872928958