0 0.7698303081918755 0.42549996651949035 0.7598878991202584 0.42607497152718815 0.7554916995921477 0.4363048831026541 0.7596474367395183 0.4418197325640879 0.7684868759188486 0.4420758749858642 0.7728987554879956 0.4387512852679677 0.7739860453392461 0.4310148159809241 0.7698303081918755 0.42549996651949035
0 0.7721930483868114 0.49289089023623617 0.7627942842408196 0.4895976606004121 0.7550734949948124 0.495415692606731 0.7537143826807492 0.5050862792155354 0.7578701198281198 0.5106011286769692 0.7645036192228767 0.5125195659576938 0.7730555558983581 0.5078045038436617 0.7760769630713694 0.5003398570194306 0.7721930483868114 0.49289089023623617
0 0.8319520013385706 0.657102702093476 0.8203472974080054 0.6554717673166002 0.8101487459146121 0.6648862115036283 0.8090614560633617 0.6726226807906717 0.816269960465816 0.6844835271430134 0.8267716945040947 0.6869456093493633 0.8378013934269622 0.678634135054622 0.8397041506666506 0.6650953138022958 0.8319520013385706 0.657102702093476
0 0.8217169332524618 0.40715200290691467 0.814267966469267 0.41103591759147273 0.8129088541552039 0.4207065042002771 0.8154022964436262 0.42401541387713737 0.8242417356229567 0.4242715562989138 0.8314031999023023 0.41541643707854725 0.8291815800766924 0.4101734100799261 0.8217169332524618 0.40715200290691467
0 0.5820536040403147 0.5687291468518527 0.5685147827879886 0.5668263896121644 0.5605221710791686 0.574578538940244 0.5594348812279182 0.5823150082272875 0.5649810907714243 0.5919699147950558 0.5754828248097029 0.5944319970014057 0.5840347614851843 0.5897169348873735 0.587599813583821 0.5783840534196208 0.5820536040403147 0.5687291468518527
0 0.8998761517051019 0.5246418164970084 0.8882714477745367 0.5230108817201325 0.8824847758502902 0.5291007361892641 0.8813974859990397 0.5368372054763075 0.8872155180053586 0.5445579947223148 0.896054957184689 0.5448141371440912 0.9026727765384093 0.5398272525672465 0.9056941837114207 0.5323626057430155 0.8998761517051019 0.5246418164970084
0 0.9406389975966032 0.4731733960337575 0.9329025283095597 0.47208610618250696 0.925453561526365 0.4759700208670649 0.9238226267494893 0.4875747247976302 0.9299124812186207 0.4933613967218767 0.93681780307619 0.49334571668084043 0.9434356224299106 0.4883588321039956 0.9447947347439738 0.4786882454951912 0.9406389975966032 0.4731733960337575
0 0.9915167330111201 0.4970885109960722 0.988223503375296 0.5064872751420639 0.9959756527033757 0.514479886850884 1 0.5144707486916414 1 0.4935037204925787 0.9989656997943147 0.49320459631151425 0.9915167330111201 0.4970885109960722
0 0.6574110411490043 0.42547902471325766 0.6496745718619608 0.4243917348620072 0.6444315448633395 0.4266133546876169 0.6411383152275156 0.4360121188336087 0.6450222299120736 0.44346108561680336 0.6538616690914039 0.44371722803857966 0.6602076659823118 0.44066446078349586 0.661566778296375 0.4309938741746914 0.6574110411490043 0.42547902471325766
0 0.6488591044735228 0.4301940868272898 0.6557644263310923 0.4301784067862536 0.6554769238272434 0.42520720225044506 0.6482997795068614 0.42715699961324216 0.6488591044735228 0.4301940868272898
0 0.9210050601099488 0.5848085557702631 0.9110626510383317 0.5853835607779609 0.903070039329512 0.5931357101060407 0.9053073391961579 0.6052840589622314 0.9097348988063413 0.6088647911019043 0.9224425726291932 0.6096645784493058 0.9290603919829138 0.6046776938724611 0.930419504296977 0.5950071072636567 0.9210050601099488 0.5848085557702631