0 0.30078125 0.3271484375 0.298828125 0.3193359375 0.2919921875 0.314453125 0.2841796875 0.314453125 0.279296875 0.3212890625 0.28125 0.3291015625 0.2861328125 0.333984375 0.296875 0.3330078125 0.30078125 0.3271484375
0 0.236328125 0.3349609375 0.234375 0.3251953125 0.2216796875 0.322265625 0.216796875 0.3271484375 0.216796875 0.3349609375 0.2236328125 0.341796875 0.232421875 0.3408203125 0.236328125 0.3349609375
0 0.224609375 0.4033203125 0.224609375 0.3955078125 0.2158203125 0.388671875 0.2099609375 0.388671875 0.203125 0.3955078125 0.203125 0.4033203125 0.2099609375 0.41015625 0.21875 0.4091796875 0.224609375 0.4033203125
0 0.400390625 0.4384765625 0.40234375 0.4306640625 0.3935546875 0.419921875 0.3818359375 0.419921875 0.375 0.4287109375 0.375 0.4345703125 0.3818359375 0.443359375 0.392578125 0.4443359375 0.400390625 0.4384765625
0 0.2734375 0.4541015625 0.2734375 0.4443359375 0.2666015625 0.4375 0.2509765625 0.439453125 0.248046875 0.4541015625 0.2568359375 0.4609375 0.267578125 0.4599609375 0.2734375 0.4541015625
0 0.83203125 0.2451171875 0.83203125 0.2353515625 0.8232421875 0.228515625 0.8134765625 0.23046875 0.810546875 0.2431640625 0.8154296875 0.248046875 0.828125 0.2490234375 0.83203125 0.2451171875
0 0.228515625 0.5673828125 0.228515625 0.5556640625 0.2216796875 0.548828125 0.2041015625 0.55078125 0.19921875 0.5615234375 0.201171875 0.5693359375 0.2119140625 0.578125 0.220703125 0.5771484375 0.228515625 0.5673828125
0 0.095703125 0.4326171875 0.09375 0.4208984375 0.0849609375 0.416015625 0.0751953125 0.41796875 0.0703125 0.4248046875 0.072265625 0.4326171875 0.0791015625 0.439453125 0.08984375 0.4384765625 0.095703125 0.4326171875
0 0.060546875 0.3544921875 0.0517578125 0.349609375 0.0439453125 0.3515625 0.041015625 0.3623046875 0.0478515625 0.369140625 0.05859375 0.3681640625 0.060546875 0.3544921875
0 0.10546875 0.3193359375 0.103515625 0.3095703125 0.0986328125 0.306640625 0.0888671875 0.30859375 0.087890625 0.3193359375 0.0927734375 0.32421875 0.1015625 0.3232421875 0.10546875 0.3193359375
1 0.73828125 0.2939453125 0.7236328125 0.287109375 0.6650390625 0.271484375 0.55859375 0.3076171875 0.5712890625 0.31640625 0.6142578125 0.333984375 0.625 0.3330078125 0.73828125 0.2939453125
1 0.5791015625 0.298828125 0.6591796875 0.275390625 0.6640625 0.2705078125 0.6123046875 0.25390625 0.5986328125 0.25390625 0.5576171875 0.26953125 0.5166015625 0.279296875 0.50390625 0.2861328125 0.5478515625 0.306640625 0.55859375 0.3076171875 0.5791015625 0.298828125
1 0.5634765625 0.267578125 0.6015625 0.2529296875 0.5947265625 0.248046875 0.5478515625 0.234375 0.453125 0.2646484375 0.4892578125 0.283203125 0.505859375 0.2841796875 0.5634765625 0.267578125