1 0.7314453125 0.501953125 0.73828125 0.4990234375 0.6787109375 0.46484375 0.5556640625 0.47265625 0.544921875 0.4755859375 0.5478515625 0.48046875 0.5927734375 0.51171875 0.6171875 0.5107421875 0.7314453125 0.501953125
1 0.7998046875 0.54296875 0.8115234375 0.541015625 0.8125 0.5380859375 0.7412109375 0.5 0.6015625 0.5126953125 0.6015625 0.5166015625 0.6103515625 0.5234375 0.6552734375 0.552734375 0.671875 0.5537109375 0.7998046875 0.54296875
1 0.8603515625 0.595703125 0.904296875 0.5888671875 0.8193359375 0.541015625 0.6748046875 0.552734375 0.666015625 0.5556640625 0.6728515625 0.564453125 0.7294921875 0.603515625 0.751953125 0.6044921875 0.8603515625 0.595703125
0 0.46484375 0.4990234375 0.4619140625 0.494140625 0.4541015625 0.494140625 0.44921875 0.5009765625 0.44921875 0.5087890625 0.4580078125 0.51953125 0.462890625 0.5185546875 0.46484375 0.4990234375
0 0.091796875 0.4541015625 0.095703125 0.4443359375 0.0908203125 0.435546875 0.0810546875 0.43359375 0.07421875 0.4384765625 0.072265625 0.4482421875 0.0791015625 0.45703125 0.087890625 0.4560546875 0.091796875 0.4541015625
0 0.0234375 0.4931640625 0.0234375 0.4814453125 0.0185546875 0.4765625 0.0068359375 0.4765625 0 0.4833984375 0 0.4912109375 0.0087890625 0.5 0.017578125 0.4990234375 0.0234375 0.4931640625
0 0.041015625 0.5869140625 0.04296875 0.5791015625 0.0361328125 0.568359375 0.0244140625 0.56640625 0.015625 0.5732421875 0.013671875 0.5849609375 0.0205078125 0.59375 0.033203125 0.5947265625 0.041015625 0.5869140625
0 0.1591796875 0.7734375 0.1513671875 0.76953125 0.1416015625 0.76953125 0.130859375 0.7783203125 0.1318359375 0.78125 0.1640625 0.7802734375 0.1591796875 0.7734375
0 0.4208984375 0.681640625 0.42578125 0.6767578125 0.427734375 0.6611328125 0.4208984375 0.65234375 0.4072265625 0.650390625 0.396484375 0.6591796875 0.39453125 0.6669921875 0.4052734375 0.681640625 0.4140625 0.6826171875 0.4208984375 0.681640625
0 0.259765625 0.6611328125 0.259765625 0.6474609375 0.2490234375 0.638671875 0.2392578125 0.638671875 0.228515625 0.6494140625 0.228515625 0.6611328125 0.2392578125 0.669921875 0.251953125 0.6689453125 0.259765625 0.6611328125
0 0.9619140625 0.51171875 0.96875 0.5029296875 0.96875 0.4931640625 0.9580078125 0.486328125 0.9501953125 0.48828125 0.943359375 0.4970703125 0.9453125 0.5068359375 0.9501953125 0.51171875 0.95703125 0.5126953125 0.9619140625 0.51171875
0 0.251953125 0.5009765625 0.251953125 0.4931640625 0.2431640625 0.486328125 0.2353515625 0.486328125 0.228515625 0.4931640625 0.228515625 0.5029296875 0.2353515625 0.509765625 0.24609375 0.5087890625 0.251953125 0.5009765625
0 0.21484375 0.5849609375 0.212890625 0.5693359375 0.2080078125 0.56640625 0.1923828125 0.568359375 0.1875 0.5751953125 0.189453125 0.5869140625 0.1962890625 0.59375 0.208984375 0.5927734375 0.21484375 0.5849609375