1 0.5273336470460558 0.5646420883279611 0.48967765386286716 0.5339595780627185 0.39261264222255987 0.5225409324165833 0.3854025623599752 0.5243651743760597 0.4205184046238756 0.5586003061572202 0.43321018479260315 0.5596217511815639 0.5159598735384898 0.567784336948599 0.5259108035541458 0.5673829384810325 0.5273336470460558 0.5646420883279611
1 0.5780828188655385 0.6062969736332033 0.5688477978096942 0.595935670722267 0.5369700665694663 0.5849543212545536 0.5373804394647466 0.5761206986662757 0.5316980399248206 0.5682995466746277 0.43046933463953174 0.5581989076896539 0.4251883335671719 0.560328685713662 0.4583750970408474 0.5942582814302908 0.46852672629028663 0.5988323479705525 0.5380783995691308 0.6029271024956409 0.5708727390029538 0.6081212155926797 0.5780828188655385 0.6062969736332033
1 0.4715731125078898 0.5983261126722377 0.4682211902257549 0.6007614267607775 0.509831203392428 0.6439350179609643 0.5183592899161742 0.6462744696464695 0.6359372337168571 0.6530321607770222 0.5808236690186098 0.6077198171251135 0.4715731125078898 0.5983261126722377
0 0.6950586649648718 0.5981282697402721 0.6873423498039722 0.5969061254821453 0.6795211978123242 0.6025885250220713 0.6789101256832608 0.6064466826025211 0.682663446432962 0.6139622985296375 0.6931206117469331 0.6166072862796742 0.6972843053919144 0.6152892796185128 0.7004355284402661 0.6078785005221449 0.6950586649648718 0.5981282697402721
0 0.26705486303319736 0.6410775002476129 0.2554803902918481 0.6392442838604226 0.2479647743647318 0.6429976046101239 0.24420247918731666 0.6542665412869415 0.25343750024316086 0.6646278441978779 0.26227112283143866 0.665038217093158 0.27120958225046493 0.6585440461903853 0.2727372625731235 0.648898652239261 0.26705486303319736 0.6410775002476129
0 0.1374051856205641 0.6106556539083329 0.12390163408898998 0.6085169014566109 0.11608048209734197 0.6141993009965371 0.11424726571015176 0.6257737737378865 0.12185874404030272 0.633900461794066 0.1326214454188054 0.634616370753878 0.14155990483783173 0.6281221998511053 0.14308758516049025 0.6184768058999809 0.1374051856205641 0.6106556539083329
0 0.016631146632960347 0.7052315048938175 0.017137381931275203 0.7082778911114206 0.049119950002251556 0.7123546967810811 0.04211954380116398 0.7003698511444517 0.028615992269589836 0.6982310986927298 0.016631146632960347 0.7052315048938175
0 0.03737455761207817 0.43068227012510735 0.02772916366095383 0.42915458980244886 0.022142626524062365 0.4332134466166818 0.02122601833046726 0.4390006829873564 0.026908417870393424 0.4468218349790045 0.0338129616684463 0.446926671809753 0.04021127016818433 0.4439851224228984 0.04143341442631113 0.43626880726199885 0.03737455761207817 0.43068227012510735
0 0.2072114046994745 0.5070185578176459 0.20070825936898795 0.5168646510025534 0.20446158011868917 0.5243802669296698 0.2110605878522104 0.5264141825506432 0.2193879751421733 0.5237781692283201 0.22122119152936354 0.512203696486971 0.2072114046994745 0.5070185578176459
0 0.15411380676677303 0.4926763116400836 0.14253933402542374 0.4908430952528933 0.13918741174328889 0.4932784093414332 0.13735419535609866 0.5048528820827825 0.1433421309605565 0.5107449552842056 0.15024667475860942 0.5108497921149541 0.15695051932287912 0.5059791639378746 0.15817266358100596 0.498262848776975 0.15411380676677303 0.4926763116400836
0 0.10991877054224249 0.5469781049754843 0.10413153417156781 0.5460614967818891 0.0988505330992081 0.5481912748058971 0.09315915913156814 0.559154675418183 0.09853602260696255 0.568904906200056 0.10929872398546522 0.5696208151598678 0.11600256854973497 0.5647501869827882 0.11753024887239347 0.5551047930316638 0.10991877054224249 0.5469781049754843