0 0.49221394365546517 0.5270885221480637 0.48433803973988143 0.5287678050390971 0.4813078923071033 0.531593463233384 0.4808989138301209 0.543305074487514 0.4837245720244078 0.5463352219202922 0.4964462324227972 0.5458023143325121 0.5004864289998345 0.5420347700734631 0.4988753091882983 0.5322069309488576 0.49221394365546517 0.5270885221480637
0 0.7613950881486748 0.653747465818954 0.7515672490240694 0.6553585856304903 0.7465170033027726 0.6600680159543019 0.7479917969553147 0.6737997254969506 0.7546531624881478 0.6789181342977446 0.7654228876775157 0.6783170636304676 0.7714831825430719 0.6726657472418938 0.7718239979405572 0.6629060711967855 0.7613950881486748 0.653747465818954
0 0.8971444327467297 0.6838940391010309 0.8854328214925997 0.6834850606240483 0.8783624774827841 0.6900782630773845 0.8780216620852987 0.6998379391224928 0.8884505718771812 0.7089965445003242 0.899220297066549 0.7083954738330474 0.9052805919321052 0.7027441574444736 0.903805798279563 0.6890124479018247 0.8971444327467297 0.6838940391010309
0 0.7322090171892403 0.5940988002763508 0.7263532115621751 0.5938943110378595 0.7192147044728625 0.6024394487002173 0.7190102152343714 0.6082952543272823 0.7236514824786858 0.6152974352576008 0.7363731428770752 0.614764527669821 0.7404815025336097 0.6090450482017501 0.740754154851598 0.6012373073656634 0.7322090171892403 0.5940988002763508
0 0.8176418189261077 0.554087238096248 0.809902241169518 0.5518626505692381 0.8028318971597024 0.5584558530225743 0.8025592448417141 0.5662635938586609 0.8111043825040719 0.5734021009479735 0.8160183020663746 0.5725965410422054 0.8220785969319309 0.5669452246536316 0.8223512492499191 0.559137483817545 0.8176418189261077 0.554087238096248
0 0.7693205802570454 0.5387196146456696 0.7595609042119371 0.5383787992481842 0.754442495411143 0.5450401647810174 0.7560536152226794 0.5548680039056227 0.7588792734169664 0.5578981513384009 0.7696489986063341 0.5572970806711239 0.7737573582628686 0.5515776012030532 0.774030010580857 0.5437698603669665 0.7693205802570454 0.5387196146456696
0 0.4299502869955797 0.6871224151914473 0.4201906109504713 0.6867815997939619 0.41110016865213694 0.6952585743768227 0.41075935325465157 0.7050182504219309 0.4172843926284906 0.7140405296407683 0.43000605302688005 0.7135076220529883 0.43815460926045213 0.7040205983258683 0.4384272615784404 0.6962128574897817 0.4299502869955797 0.6871224151914473
0 0.611529849627382 0.5801130133024239 0.599818238373252 0.5797040348254414 0.594699829572458 0.5863654003582747 0.5944953403339668 0.5922212059853397 0.6010203797078059 0.6012434852041769 0.6078862344791301 0.6005060883779059 0.6138783662651893 0.5968067071983537 0.6161711168716965 0.5871151942327424 0.611529849627382 0.5801130133024239
0 0.6840860485489859 0.7409462884130622 0.6723744372948559 0.7405373099360797 0.6632158319170245 0.7509662197279621 0.6629431795990361 0.7587739605640488 0.6713519911023998 0.7698163380714048 0.6820535532122706 0.7711672026131495 0.6901339463663454 0.7636321140950512 0.6924948600523496 0.7519886659204182 0.6840860485489859 0.7409462884130622
0 0.5943280422400657 0.5130655854007163 0.5909570794098022 0.5256509196401116 0.5956665097336138 0.5307011653614084 0.6044842997139598 0.5300319316146345 0.6087971486089856 0.5184566465194986 0.604087718285174 0.5134064007982018 0.5943280422400657 0.5130655854007163
0 0.6576760889622212 0.4898716462273409 0.6479845759966099 0.4875788956208339 0.6427298410368217 0.49814413157171045 0.6454873361516117 0.5031262142135102 0.6542369630524606 0.5044089156757579 0.6582089965500011 0.5025933066257304 0.6604335840770109 0.4948537288691407 0.6576760889622212 0.4898716462273409