0 0.4100608350817324 0.2948218883148508 0.40054550241781406 0.292625100674774 0.39468944226581654 0.2962843731866947 0.3933713696817704 0.3019935727850457 0.3980549936704441 0.31209512353062596 0.4049354052991946 0.3126813416122879 0.4091808958927773 0.31165699013553494 0.41328075006563775 0.30258101499963197 0.4100608350817324 0.2948218883148508
0 0.3474052759205938 0.28837471354949396 0.33788994325667543 0.28617792590941715 0.33203388310467785 0.2898371984213378 0.33027645299261643 0.29744946455247245 0.3339357255045371 0.3033055247044701 0.34037677960527224 0.3057948093189157 0.3497464758484684 0.2999399732998424 0.3496008394277461 0.29188834964069243 0.3474052759205938 0.28837471354949396
0 0.3191456542385858 0.3500034729680309 0.30963032157466747 0.3478066853279541 0.3037742614226699 0.35146595783987483 0.3015774737825931 0.36098129050379313 0.30670045529928214 0.36917977471658964 0.31358086692803266 0.3697659927982516 0.3201687815824144 0.3672779323167304 0.3242686357552748 0.3582019571808274 0.3191456542385858 0.3500034729680309
0 0.47958578867530227 0.4191159999579212 0.46816738947860037 0.4164798547898291 0.4595295477377884 0.42350590283930184 0.45777211762572695 0.43111816897043653 0.4643588081471843 0.4416590772440321 0.4731422863087185 0.44268465285370945 0.4820726250238992 0.43873288336741983 0.4847087701919913 0.4273144841707179 0.47958578867530227 0.4191159999579212
0 0.9531752203579309 0.3300072145438103 0.9432205301659972 0.3297134934365172 0.9373644700139996 0.33337276594843795 0.9351676823739228 0.34288809861235625 0.9407300214186274 0.34918351629236916 0.951416566112945 0.35064844943006185 0.9588831958233575 0.3443542558829733 0.9587375594026352 0.3363026322238233 0.9531752203579309 0.3300072145438103
0 0.3538353128250097 0.40812471695999114 0.3466624042218904 0.40446422031514606 0.3370002110043255 0.40724477777103607 0.3320216417754343 0.42012688597250636 0.33904768982490696 0.4287647277133183 0.3459281014536575 0.4293509457949802 0.3544190826408229 0.4273022428414743 0.3589582943416987 0.41632320117278765 0.3538353128250097 0.40812471695999114
0 0.05535003655111644 0.303132957359412 0.04349227982639915 0.30239987872410345 0.03997864373520058 0.30459544223125595 0.03822121362313914 0.31220770836239065 0.04334419513982825 0.3204061925751872 0.05212767330136242 0.3214317681848645 0.05871558795574411 0.3189437077033433 0.06047301806780555 0.3113314415722086 0.05535003655111644 0.303132957359412
0 0.1859285486778807 0.3453063835171893 0.17787692501873067 0.3454520199379115 0.17202086486673313 0.3491112924498322 0.17128778623142463 0.36096904917454953 0.17685012527612903 0.3672644668545625 0.18563360343766316 0.3682900424642398 0.19310023314807562 0.36199584891715125 0.1929545967273534 0.3539442252580012 0.1859285486778807 0.3453063835171893
0 0.2854607610021252 0.504591219651523 0.2678938046790568 0.5025400684321684 0.26115902947102854 0.5100054740096563 0.2594015993589671 0.5176177401407911 0.26935506541797644 0.530940430003201 0.2781385435795106 0.5319660056128783 0.2883869548787374 0.5223050365282378 0.2891200335140459 0.5104472798035204 0.2854607610021252 0.504591219651523
0 0.17568748217620003 0.2767935400711287 0.16426908297949805 0.2741573949030366 0.15841302282750047 0.27781666741495725 0.15709495024345438 0.2835258670133083 0.1636816407649117 0.29406677528690395 0.16865898586087855 0.29421363584055044 0.1780286821040747 0.2883587998214773 0.17788304568335245 0.2803071761623272 0.17568748217620003 0.2767935400711287
0 0.22385403597622658 0.2418101603774117 0.2118494186978627 0.24605442683807008 0.2105313461138166 0.2517636264364211 0.21565432763050563 0.2599621106492176 0.22253473925925613 0.2605483287308795 0.22678022985283883 0.25952397725412657 0.23044072649768393 0.25235106865100737 0.22385403597622658 0.2418101603774117
0 0.014049204784748161 0.4950501801961932 0.0036563811977234515 0.48363055686656675 0 0.48414686903822746 0 0.5125178277243172 0.005117641936643075 0.5120309184375995 0.011413059616655997 0.5064685793928951 0.014049204784748161 0.4950501801961932
1 0.7960945166612202 0.34185028167343545 0.7813093419269662 0.3364323549165289 0.6675610350891887 0.34725474296817416 0.6779538586762135 0.35867436629780036 0.7105972625749801 0.3822466915923616 0.7265536493396335 0.38693276384688396 0.8476217253341769 0.37479352734411703 0.8420593862894725 0.3684981096641041 0.7960945166612202 0.34185028167343545
1 0.7229017216252589 0.3029028911641853 0.6855710213390455 0.30831592138939445 0.6268672316641963 0.3107990853392183 0.6191081049794152 0.31401900032312363 0.6573138479228863 0.34388674329769775 0.665657968556405 0.3468153854401588 0.780577487424582 0.33526114288612935 0.7324170542891772 0.3050996788042621 0.7229017216252589 0.3029028911641853
1 0.6811823425905892 0.2752307116967637 0.6735700764594547 0.27347328158470224 0.5744613079352089 0.281661972734104 0.5781205804471297 0.28751803288610156 0.5871965555830326 0.291617887058962 0.6107639843458964 0.3110903581806627 0.6195474625074305 0.31211593379033997 0.6978681355917782 0.30714593349191927 0.7240729336556585 0.30217103666180123 0.6811823425905892 0.2752307116967637