0 0.584789755126218 0.5703292478411758 0.5811681716092331 0.577909223582797 0.5847874072368636 0.5871873301988011 0.5904439303358828 0.5911480703127917 0.5989298889290888 0.588660139304965 0.6036827770658777 0.5818723115861419 0.5997243848412412 0.5706707523275358 0.584789755126218 0.5703292478411758
0 0.6153467193076934 0.5074268326685984 0.6038060034520816 0.5094617722506328 0.6014295593836871 0.5128556861100443 0.6031253423687157 0.5224729493230542 0.608781865467735 0.5264336894370448 0.6191912767035429 0.5236066018322123 0.621681555600724 0.5152344780677931 0.6187406331671049 0.5098032767369929 0.6153467193076934 0.5074268326685984
0 0.6946589211908122 0.5073247372865833 0.6850416579778023 0.5090205202716119 0.6794966218182154 0.5169396526102388 0.6827767008488402 0.524294306583641 0.6861706147082518 0.5266707506520354 0.6908096680162539 0.5248611328382201 0.7013329140808485 0.5170558353283798 0.7003154442898314 0.511285477400574 0.6946589211908122 0.5073247372865833
0 0.318544707198868 0.7362707393511466 0.30892744398585814 0.7379665223361752 0.30179811178067506 0.7481482639144099 0.30349389476570365 0.7577655271274197 0.3117521837013363 0.7652340159296085 0.3240850475797462 0.7620677717277704 0.3297439185681198 0.7491704294841357 0.3283872921800969 0.7414766189137278 0.318544707198868 0.7362707393511466
0 0.5801295708140272 0.7238616068736189 0.5666654023158133 0.7262357030526589 0.5611203661562265 0.7341548353912859 0.5631553057382609 0.7456955512468977 0.5736762039135013 0.7547483360946827 0.580577866461111 0.7545230143264637 0.5888385032860979 0.7451334207710273 0.588048703152654 0.7294066430332058 0.5801295708140272 0.7238616068736189
0 0.4718728754672809 0.5823065198970998 0.46225561225427103 0.5840023028821284 0.4582948721402804 0.5896588259811477 0.459990655125309 0.5992760891941575 0.46790978746393597 0.6048211253537443 0.4748114500115458 0.6045958035855253 0.48148779079093645 0.5974688192696965 0.48239377364252123 0.5913593047448849 0.4718728754672809 0.5823065198970998
0 0.4468773826708725 0.519283226227673 0.43940889386868365 0.5275415151633056 0.4404263636597009 0.5333118730911115 0.4483454959983278 0.5388569092506984 0.4549080019489319 0.5367081348398773 0.4589825768917091 0.5260734018358504 0.4529868971956841 0.5201892090792577 0.4468773826708725 0.519283226227673
0 0.4959858643056475 0.48285850451508516 0.48829205373523965 0.484215130903108 0.48433131362124904 0.48987165400212723 0.48795054924887965 0.4991497606181314 0.4932679157508931 0.50118704808952 0.49983042170149716 0.499038273678699 0.5029990137926896 0.49451305519948363 0.5016423874046667 0.4868192446290758 0.4959858643056475 0.48285850451508516
0 0.34900427177703686 0.5603399575801998 0.3374635559214251 0.5623748971622342 0.33384197240444013 0.5699548729038555 0.337122051435065 0.5773095268772577 0.34662547981928815 0.5805919537972367 0.3512645331272902 0.5787823359834214 0.3563565778610847 0.5739179609072004 0.35466079487605606 0.5643006976941904 0.34900427177703686 0.5603399575801998
0 0.6330943492914234 0.6193262425365184 0.6218927900328173 0.6232846347611547 0.6179320499188267 0.628941157860174 0.6222295987404686 0.642066169761382 0.6298095744820899 0.6456877532783668 0.6402189857178977 0.6428606656735344 0.6449718738546866 0.6360728379547114 0.6429369342726522 0.6245321220990995 0.6330943492914234 0.6193262425365184
0 0.7634337896732104 0.6161764335601603 0.7503087777720024 0.6204739823818024 0.7482714903006139 0.6257913488838158 0.7503064298826482 0.6373320647394276 0.760149014863877 0.6425379443020088 0.770558426099685 0.6397108566971764 0.7765564536850642 0.6287369670961436 0.7732763746544394 0.6213823131227414 0.7634337896732104 0.6161764335601603
1 0.8465001930169352 0.4686514936705136 0.8441237489485409 0.47204540752992524 0.8903957514210663 0.49264360401203067 0.9030677718964819 0.49140081245279443 1 0.47138297017896785 1 0.4636443400602229 0.9516117751660321 0.44615097554999494 0.8465001930169352 0.4686514936705136
1 0.8976365705656816 0.4943417348864137 0.9465103388748204 0.5184476800567173 0.9556746106620381 0.5198066543340946 1 0.5111572465671422 1 0.47235334805485724 0.90385991991928 0.49026950783299056 0.8976365705656816 0.4943417348864137
1 0.9639328995976705 0.5272751431362833 1 0.5433023805949571 1 0.5111572465671422 0.9556746106620381 0.5198066543340946 0.9639328995976705 0.5272751431362833