0 0.501953125 0.5419921875 0.5 0.5322265625 0.4931640625 0.52734375 0.4853515625 0.529296875 0.482421875 0.5322265625 0.482421875 0.5439453125 0.4853515625 0.546875 0.498046875 0.5458984375 0.501953125 0.5419921875
0 0.77734375 0.6630859375 0.77734375 0.6533203125 0.7666015625 0.64453125 0.7568359375 0.646484375 0.751953125 0.6513671875 0.75390625 0.6650390625 0.7607421875 0.669921875 0.771484375 0.6689453125 0.77734375 0.6630859375
0 0.912109375 0.6884765625 0.91015625 0.6748046875 0.9033203125 0.669921875 0.8916015625 0.669921875 0.884765625 0.6767578125 0.884765625 0.6865234375 0.8955078125 0.6953125 0.90625 0.6943359375 0.912109375 0.6884765625
0 0.744140625 0.6005859375 0.744140625 0.5927734375 0.7353515625 0.5859375 0.7294921875 0.5859375 0.72265625 0.5947265625 0.72265625 0.6005859375 0.7275390625 0.607421875 0.740234375 0.6064453125 0.744140625 0.6005859375
0 0.82421875 0.5556640625 0.82421875 0.5478515625 0.8193359375 0.54296875 0.8115234375 0.541015625 0.8046875 0.5478515625 0.8046875 0.5556640625 0.8134765625 0.5625 0.818359375 0.5615234375 0.82421875 0.5556640625
0 0.775390625 0.5419921875 0.775390625 0.5341796875 0.7705078125 0.529296875 0.7607421875 0.529296875 0.755859375 0.5361328125 0.7578125 0.5458984375 0.7607421875 0.548828125 0.771484375 0.5478515625 0.775390625 0.5419921875
0 0.4453125 0.7060546875 0.4453125 0.6982421875 0.4365234375 0.689453125 0.4267578125 0.689453125 0.41796875 0.6982421875 0.41796875 0.7080078125 0.4248046875 0.716796875 0.4375 0.7158203125 0.4453125 0.7060546875
0 0.6171875 0.5927734375 0.619140625 0.5830078125 0.6142578125 0.576171875 0.6025390625 0.576171875 0.59765625 0.5830078125 0.59765625 0.5888671875 0.6044921875 0.59765625 0.611328125 0.5966796875 0.6171875 0.5927734375
0 0.69921875 0.7568359375 0.701171875 0.7451171875 0.6923828125 0.734375 0.6806640625 0.734375 0.671875 0.7451171875 0.671875 0.7529296875 0.6806640625 0.763671875 0.69140625 0.7646484375 0.69921875 0.7568359375
0 0.609375 0.5146484375 0.6044921875 0.509765625 0.5947265625 0.509765625 0.591796875 0.5224609375 0.5966796875 0.52734375 0.60546875 0.5263671875 0.609375 0.5146484375
0 0.658203125 0.4970703125 0.66015625 0.4892578125 0.6572265625 0.484375 0.6474609375 0.482421875 0.642578125 0.4931640625 0.6455078125 0.498046875 0.654296875 0.4990234375 0.658203125 0.4970703125