0 0.3620378425372278 0.5543276828544208 0.35210698296376736 0.5535792464586873 0.3476176052997135 0.5570821616656694 0.3468691689039799 0.5670130212391299 0.3525486768747247 0.5732029395442699 0.36115321400496564 0.571162538917036 0.3647923213484764 0.5687479200919352 0.3655407577442099 0.5588170605184747 0.3620378425372278 0.5543276828544208
0 0.5381431513937722 0.45005737946412844 0.5338917997910565 0.4554988613735351 0.5346058779750711 0.46131456148080846 0.5400473598844776 0.46556591308352413 0.5447747636098696 0.46400156457896646 0.5484138709533803 0.46158694575386566 0.5472237406466894 0.4518941122417434 0.5381431513937722 0.45005737946412844
0 0.5485169455885375 0.4143472667116641 0.549231023772552 0.42016296681893744 0.5524959129181959 0.42271377778056696 0.5611004500484369 0.42067337715333286 0.5618488864441705 0.4107425175798724 0.5527682971912531 0.40890578480225753 0.5485169455885375 0.4143472667116641
0 0.6319771477175987 0.4129547092657016 0.6294263367559693 0.41621959841134554 0.630378441001322 0.4239738652210434 0.6336433301469659 0.42652467618267276 0.642247867277207 0.42448427555543883 0.6429963036729405 0.41455341598197826 0.6397314145272965 0.41200260502034886 0.6319771477175987 0.4129547092657016
0 0.4509420079963907 0.44502199254361263 0.44669065639367495 0.45046347445301926 0.4474047345776895 0.4562791745602926 0.4506696237233334 0.4588299855219221 0.45927416085357436 0.456789584894688 0.46267524213574696 0.4524363993671628 0.460022597249308 0.44685872532122756 0.4509420079963907 0.44502199254361263
0 0.4432564576101308 0.4144809774274977 0.441419724832516 0.42356156668041506 0.44686120674192253 0.4278129182831307 0.4515886104673146 0.42624856977857306 0.45451363962681074 0.4180182508461989 0.4490721577174043 0.4137668992434832 0.4432564576101308 0.4144809774274977
0 0.528720220734012 0.5496040012600713 0.5209659539243142 0.550556105505424 0.5167146023215985 0.5559975874148305 0.5179047326282894 0.5656904209269529 0.523346214537696 0.5699417725296685 0.531950751667937 0.5679013719024345 0.5353518329501095 0.5635481863749093 0.5341617026434187 0.553855352862787 0.528720220734012 0.5496040012600713
0 0.45648532383060686 0.4581159073379076 0.4522339722278911 0.46355738924731416 0.45512464317566825 0.47107362999567376 0.4648174766877906 0.4698834996889829 0.4682185579699631 0.4655303141614576 0.46556591308352413 0.4599526401155224 0.45648532383060686 0.4581159073379076
0 0.47199509816034996 0.4001294566134215 0.4752599873059939 0.4026802675750508 0.4819259577338104 0.400877893009155 0.4829124201908822 0.39288560013811896 0.4757703976403893 0.3908108412991659 0.47199509816034996 0.4001294566134215
0 0.6465998120943847 0.483967599071392 0.642348460491669 0.48940908098079855 0.64353859079836 0.4991019144929208 0.6487420466464282 0.501414699393212 0.6573465837766692 0.499374298765978 0.6607476650588417 0.49502111323845277 0.6576189680497264 0.48556630578766874 0.6465998120943847 0.483967599071392
0 0.5678670136907156 0.48379580801279687 0.5620513135834421 0.4845098861968114 0.5577999619807265 0.48995136810621787 0.5589900922874174 0.4996442016183402 0.5689209518608778 0.5003926380140739 0.5742605998454747 0.4958014264252104 0.573308495600122 0.48804715961551254 0.5678670136907156 0.48379580801279687
1 0.8258338179600445 0.38915210313188375 0.750705768688167 0.4023122529289216 0.7481549577265375 0.40557714207456563 0.7809400413195057 0.424181255201705 0.7856674450448977 0.4226169066971474 0.8580066572938077 0.41078307934332897 0.8663731683627102 0.4068041120136705 0.8258338179600445 0.38915210313188375
1 0.869400031447016 0.4074163562728755 0.7884562820678653 0.42129058425392785 0.785905471106236 0.4245554733995719 0.8230437402267293 0.44656066780888387 0.8626653445957615 0.44071185020023895 0.9194960232252758 0.430782231337126 0.9201082674844805 0.4277553682528203 0.869400031447016 0.4074163562728755
1 0.7885593567030225 0.37405090521172635 0.727001274348116 0.38554487257939696 0.7209475481795046 0.38432038406098706 0.7125810371106018 0.38829935139064553 0.7410129351760446 0.4035023832356125 0.7479169316651993 0.40363857537214115 0.8144404438068358 0.39251882620233725 0.8208683881733141 0.388777884934017 0.7885593567030225 0.37405090521172635