1 0.9537210420530892 0.24691722816608414 0.8655949875963029 0.27327623158115716 0.8557871579580159 0.2785472977844171 0.9139071778170518 0.3002079876157241 0.9336696976472727 0.294643200305171 0.9591414170758442 0.28776034041057175 0.9632400471157803 0.2838073467913579 0.9537210420530892 0.24691722816608414
1 0.9379164123737794 0.3086965205370408 0.9685135615848892 0.31967311393987863 0.9711484826200568 0.31806254438146386 0.9625081926133964 0.2849785588217574 0.9207875894458024 0.2996217695340622 0.9379164123737794 0.3086965205370408
0 0.7288703666090212 0.34092260130043045 0.7212581004778865 0.3426800314124919 0.7156957614331821 0.3489754490925049 0.7159894825404752 0.3589301392844385 0.7246273242812872 0.3659561873339112 0.7348745114475895 0.362588187663435 0.7392656384618945 0.35556091548103785 0.7366294932938023 0.3441425162843359 0.7288703666090212 0.34092260130043045
0 0.5698963894429216 0.4337506417397556 0.5580386327182043 0.43448372037506405 0.5510125846687315 0.44312156211587606 0.5532093723088083 0.4526368947797944 0.5618472140496203 0.45966294282926706 0.5720944012159228 0.4562949431587907 0.5779492372349959 0.4469252469155947 0.5761918071229345 0.43931298078446 0.5698963894429216 0.4337506417397556
0 0.5899452855828894 0.359966732090435 0.5836498679028764 0.3544043930457306 0.5722314687061745 0.35704053821382276 0.5685721961942538 0.3628965983658204 0.571208341362346 0.37431499756252234 0.5770644015143436 0.37797427007444306 0.583944813143094 0.3773880519927812 0.5884828007110455 0.3753381249063509 0.5917027156949508 0.36757899822156964 0.5899452855828894 0.359966732090435
0 0.26351859139276856 0.6738637975667479 0.2510746165863893 0.6677164645733058 0.24009557491770267 0.6722556762741816 0.23394824192426067 0.6846996510805609 0.23614502956433747 0.6942149837444791 0.24126923521395088 0.6990454682867995 0.24946771942674748 0.7041684498034886 0.25590877352748265 0.7016791651890429 0.263813536632986 0.6968474565137983 0.267618445565629 0.6829397727026507 0.26351859139276856 0.6738637975667479
0 0.2615947146002709 0.45281068625777676 0.25251873946436787 0.4569105404306371 0.24885946695244715 0.4627666005826347 0.2538380361813383 0.475648708784105 0.25735167227253686 0.4778442722912574 0.2714049925044067 0.47359755756475047 0.27433241051394325 0.4689127094431524 0.2716962653458511 0.4574943102464504 0.2615947146002709 0.45281068625777676
0 0.6205534519903181 0.48820404428932457 0.6091350527936161 0.4908401894574167 0.6025483622721588 0.5013810977310124 0.605184507440251 0.5127994969277144 0.6176284822466303 0.5189468299211563 0.6259726028801491 0.5160181877786953 0.6337305054320059 0.5062091340074839 0.6310943602639137 0.4947907348107819 0.6205534519903181 0.48820404428932457
0 0.773971210776335 0.4668162653055966 0.7644558781124167 0.4690130529456734 0.7588935390677123 0.4753084706256864 0.7568448361142065 0.4837994518128518 0.7632871143478659 0.494339135953523 0.7710462410326471 0.49755905093742836 0.785099561264517 0.4933123362109214 0.7886119732227911 0.482478930962957 0.7864151855827143 0.47296359829903867 0.773971210776335 0.4668162653055966
0 0.6432323726337563 0.3606936900611218 0.6337170399698381 0.3628904777011986 0.6290334159811642 0.3729920284467788 0.6303514885652104 0.37870122804512973 0.640892396838806 0.3852879185665872 0.6492365174723248 0.3823592764241262 0.6536276444866298 0.3753320042417291 0.6509914993185376 0.3639136050450271 0.6432323726337563 0.3606936900611218
0 0.42336026641857966 0.46758117139693844 0.41150250969386226 0.4683142500322469 0.4059401706491578 0.47460966771225976 0.40901567334526534 0.48793113344174543 0.41721415755806196 0.49305411495843454 0.4255582781915807 0.4901254728159735 0.4289250537291327 0.48734369122715915 0.4296556840985925 0.47314351044164277 0.42336026641857966 0.46758117139693844
0 0.564643685233527 0.6193773434282213 0.553225286036825 0.6220134885963133 0.5451748865105993 0.634896820930708 0.5478110316786915 0.6463152201274099 0.5611337215411015 0.6562686861864193 0.5732839752401876 0.6524613289879276 0.5797238052079984 0.6369430756183652 0.5770876600399062 0.6255246764216633 0.564643685233527 0.6193773434282213
0 0.43037529727173307 0.34168261086007484 0.42481295822702875 0.3479780285400877 0.42700974586710555 0.357493361204006 0.43286580601910307 0.3611526337159268 0.44120992665262193 0.35822399157346585 0.442379914550097 0.3459268773207332 0.43418143033730044 0.34080389580404413 0.43037529727173307 0.34168261086007484
0 0.3763612522501795 0.394242739940255 0.3735806947942895 0.40390493315781983 0.3791442579719182 0.41063848423292376 0.3826578940631168 0.4128340477400762 0.3929050812294192 0.40946604806959985 0.3959781356596781 0.39672957628885186 0.3835341608532988 0.3905822432954099 0.3763612522501795 0.394242739940255