0 0.41378539704711825 0.5450805925871541 0.4079830450818355 0.5442651251987162 0.4002622558358282 0.5500831572050351 0.39944678844739034 0.5558855091703176 0.4016684082730001 0.5611285361689389 0.4102360249895177 0.5633187959124761 0.4168538443432383 0.5583319113356313 0.41794113419448886 0.5505954420485878 0.41378539704711825 0.5450805925871541
0 0.46760613942946516 0.527004451437391 0.45572961303608733 0.5273076339822762 0.45326753082973736 0.5378093680205546 0.4557609731181597 0.5411182776974148 0.46460041229749 0.5413744201191912 0.4690122918666371 0.5380498304012947 0.4700995817178876 0.5303133611142512 0.46760613942946516 0.527004451437391
0 0.6354247817432539 0.5959531714910277 0.6260260175972621 0.5926599418552037 0.6185770508140676 0.5965438565397616 0.6169461160371917 0.608148560470327 0.6211018531845625 0.6136634099317607 0.6299412923638926 0.6139195523535371 0.6365591117176133 0.6089326677766923 0.6376464015688638 0.6011961984896488 0.6354247817432539 0.5959531714910277
0 0.5726861999763954 0.5792465609311674 0.5668838480111128 0.5784310935427296 0.556957118980532 0.5859114204079967 0.5578039464510424 0.5939197121578529 0.5602973887394647 0.5972286218347131 0.5710709452405559 0.5977565867193022 0.5754828248097029 0.5944319970014057 0.5768419371237661 0.5847614103926013 0.5726861999763954 0.5792465609311674
0 0.5399316458347505 0.6298681539239079 0.5283269419041852 0.6282372191470322 0.5228120924427514 0.6323929562944028 0.5214529801286882 0.6420635429032072 0.5256087172760588 0.647578392364641 0.5322422166708156 0.6494968296453656 0.5405223308834844 0.6467158848530944 0.5440873829821211 0.6353830033853416 0.5399316458347505 0.6298681539239079
0 0.5674065511305053 0.686982125942079 0.5541395523409917 0.6831452513806296 0.5466905855577971 0.6870291660651877 0.5431255334591605 0.6983620475329404 0.5470094481437184 0.705811014316135 0.5635853566100922 0.7071544465891619 0.5704749984266254 0.7002334446905563 0.5712904658150633 0.6944310927252737 0.5674065511305053 0.686982125942079
0 0.6892873024835132 0.7179175848144134 0.6776825985529479 0.7162866500375376 0.6674840470595544 0.7257010942245656 0.6680590520672522 0.7356435032961827 0.6741489065363837 0.741430175220429 0.6868565803592358 0.7422299625678306 0.6959521619603424 0.7336466658102768 0.6953771569526447 0.7237042567386597 0.6892873024835132 0.7179175848144134
1 0.8105826305529836 0.6126807238571207 0.8034054862326017 0.6146305212199178 0.8391134656179166 0.6482475828731095 0.8479529047972466 0.6485037252948858 0.8672313578507106 0.6236006624927345 0.8650097380251008 0.6183576354941134 0.8105826305529836 0.6126807238571207
1 0.9805915326103095 0.6730618271942398 0.9617783242772898 0.6595700460650222 0.9501736203467244 0.6579391112881465 0.8877382211247511 0.6531090271216643 0.8797456094159314 0.660861176449744 0.8792019644903061 0.6647294110932658 0.8900068810734696 0.6790680196929936 0.8994056452194614 0.6823612493288176 0.9024584124745452 0.6887072462197255 0.9325731421932453 0.6919534357324408 0.9687620463400405 0.6940809753118331 0.9762266931642714 0.6971023824848446 0.9805915326103095 0.6730618271942398
1 0.9224896127523019 0.630380544022014 0.9056262017820792 0.6240659072131786 0.8877225410837148 0.6462037052640949 0.886907073695277 0.6520060572293775 0.9139847161999294 0.6558115717087543 0.9518359152056728 0.66014505107272 0.9590130595260549 0.658195253709923 0.9224896127523019 0.630380544022014
1 0.8972153854759242 0.6909288660453352 0.9010993001604822 0.6983778328285298 0.947037191121263 0.7363910940098323 0.9713495688746802 0.7388218161341097 0.9762266931642714 0.6971023824848446 0.9024584124745452 0.6887072462197255 0.8972153854759242 0.6909288660453352