0 0.48246230435530724 0.691711154712858 0.4688424549673342 0.6929027371332361 0.4626283214835366 0.7003084530374118 0.4636496778438607 0.7119826096556745 0.47122561980809047 0.7201424359091824 0.48184181701147083 0.71823334619403 0.48911390991015047 0.7117153636446826 0.49003824631953685 0.6998709809663659 0.48246230435530724 0.691711154712858
0 0.7675803835188287 0.5667766883894686 0.760138064560095 0.5713489781691056 0.7576450905556643 0.5764685491834627 0.7602716875655908 0.5840810942022505 0.769623096239477 0.5901250016259938 0.7763479079034366 0.5885563640309496 0.7834497747420621 0.5800926887118918 0.7806529516720817 0.5705344509233936 0.7675803835188287 0.5667766883894686
0 0.8648412081625292 0.5131739995633194 0.855112744313977 0.5140251298635896 0.8506740775398359 0.5193149269380007 0.8536411266698705 0.5308188574962094 0.8587606976842276 0.53331183150064 0.8674312021178977 0.5315729678455415 0.8724171501267589 0.5213338258168274 0.8701310052369404 0.5176126663374605 0.8648412081625292 0.5131739995633194
0 0.7957206048623396 0.5074577550469475 0.7873905525487778 0.5130880042414667 0.7882416828490478 0.5228164680900188 0.793531479923459 0.5272551348641599 0.8060933698965499 0.5251758190889536 0.8094740772558084 0.5189982886597143 0.8056192947709458 0.5085523175163879 0.7957206048623396 0.5074577550469475
0 0.7377123231493046 0.7183943122086506 0.7279838593007524 0.7192454425089206 0.7215994997569009 0.7247054656433859 0.7206751633475145 0.7365498483217024 0.7305372502015627 0.7484308340545773 0.7413236734649971 0.7484674371091353 0.7502010070132792 0.7378878429603131 0.7491796506529551 0.7262136863420505 0.7377123231493046 0.7183943122086506
0 0.6478717682061677 0.5654863214345012 0.6342519188181946 0.5666779038548794 0.6324398490539801 0.5795802459480782 0.6419614837879202 0.5875698461415322 0.6486862954518797 0.5860012085464879 0.6557881622905055 0.57753753322743 0.6529913392205249 0.5679792954389318 0.6478717682061677 0.5654863214345012
0 0.6343013110854893 0.5000136715045623 0.624572847236937 0.5008648018048324 0.6201341804627961 0.5061545988792435 0.6206448586429582 0.5119916771883748 0.6280505745471336 0.5182058106721723 0.6367210789808037 0.5164669470170741 0.6402720124001166 0.512235109357545 0.6395911081599005 0.5044523382787033 0.6343013110854893 0.5000136715045623
0 0.6729479204687062 0.4711449182371921 0.6702847204042217 0.47431879648183883 0.6711358507044918 0.484047260330391 0.6743097289491384 0.4867104603948757 0.6868716189222293 0.4846311446196693 0.6900821002214341 0.4765079214207195 0.6846220770869689 0.47012356187686793 0.6729479204687062 0.4711449182371921
0 0.5288202432919011 0.5268873397349274 0.5152003939039281 0.5280789221553055 0.5125371938394435 0.5312528003999522 0.5133883241397137 0.5409812642485045 0.5186781212141247 0.5454199310226453 0.5292943184175052 0.5435108413074932 0.5330154778968721 0.5412246964176746 0.5319941215365479 0.529550539799412 0.5288202432919011 0.5268873397349274
0 0.8117712467747122 0.6236886430494119 0.7944302379073722 0.6271663703596084 0.7927883942032118 0.6420144052225178 0.8001941101073873 0.6482285387063152 0.8109805333708218 0.6482651417608734 0.8201983190392118 0.641576933151472 0.8191769626788877 0.6299027765332094 0.8117712467747122 0.6236886430494119
0 0.9443456011260138 0.6375775030320283 0.9328416705678053 0.6405445521620627 0.9285732298537182 0.6477800420061844 0.9315402789837528 0.6592839725643931 0.9428373804273493 0.6651576539280825 0.9534535776307298 0.6632485642129302 0.9603852184093015 0.6528391961241619 0.9577586213993747 0.6452266511053741 0.9443456011260138 0.6375775030320283