0 0.46461238189145665 0.53250479971671 0.45276799921314004 0.5315804633073237 0.44443794689957805 0.5372107125018428 0.44846295544449494 0.5496023764148796 0.4650864570170607 0.5491283012892758 0.46863739043637354 0.5448964636297469 0.4677862601361034 0.5351679997811946 0.46461238189145665 0.53250479971671
0 0.7435017737747927 0.6277008623815922 0.7277660055570552 0.6271169780923138 0.7196061793035472 0.6346929200565434 0.7204573096038174 0.6444213839050957 0.727863025507993 0.6506355173888931 0.7444865270805587 0.6501614422632892 0.7515883939191845 0.6416977669442313 0.7509074896789684 0.6339149958653896 0.7435017737747927 0.6277008623815922
0 0.878021820895805 0.6414194963041544 0.8700688237569091 0.6401547077746602 0.8566192004289899 0.6432919829647487 0.8523507597149032 0.6505274728088704 0.8551475827848835 0.6600857105973684 0.8625532986890592 0.6662998440811659 0.8772311074919145 0.665995995015616 0.8845032003905942 0.6594780124662687 0.8854275367999804 0.647633629787952 0.878021820895805 0.6414194963041544
0 0.7072639076578051 0.5720536962511432 0.6973652177491989 0.5709591337817028 0.689035165435637 0.5765893829762221 0.6900565217959611 0.5882635395944847 0.6953463188703721 0.5927022063686257 0.7098539016131734 0.5904526645333654 0.7134048350324863 0.5862208268738365 0.7125537047322162 0.5764923630252843 0.7072639076578051 0.5720536962511432
0 0.7985174279323202 0.5170159928354456 0.7868432713140575 0.5180373491957698 0.7824046045399166 0.523327146270181 0.785371653669951 0.5348310768283896 0.7904912246843082 0.5373240508328202 0.7991617291179781 0.5355851871777219 0.8062635959566039 0.5271215118586641 0.8059231438364959 0.5232301263192431 0.7985174279323202 0.5170159928354456
0 0.7255054390927097 0.5116402004391818 0.7171753867791478 0.517270449633701 0.718196743139472 0.5289446062519636 0.7213706213841187 0.5316078063164482 0.7378238968966303 0.5291880384211339 0.7408641521357813 0.5191191224524736 0.735404129001316 0.5127347629086222 0.7255054390927097 0.5116402004391818
0 0.4124173646457314 0.6978392928748027 0.39896774131781226 0.7009765680648914 0.3930940599541229 0.7122736695084878 0.3978365757938139 0.7216616812369321 0.40312637286822495 0.7261003480110731 0.41763395561102634 0.7238508061758127 0.42261990361988755 0.7136116641470984 0.4217687733196175 0.7038832002985462 0.4124173646457314 0.6978392928748027
0 0.6713885429190956 0.7222363054807768 0.6540475340517556 0.7257140327909735 0.6496088672776146 0.7310038298653845 0.6506302236379387 0.7426779864836472 0.6642134699713537 0.7522728273267034 0.6728839744050237 0.7505339636716052 0.6819315340133597 0.7419000622924934 0.6807399515929816 0.7282802129045203 0.6713885429190956 0.7222363054807768
0 0.5698738313576961 0.5703496710669514 0.5634894718138446 0.5758096942014167 0.5645108281741688 0.5874838508196794 0.5698006252485799 0.5919225175938204 0.5862539007610916 0.589502749698506 0.5898048341804045 0.5852709120389771 0.5856095995754337 0.5709335553562298 0.5698738313576961 0.5703496710669514
0 0.5564736002970716 0.5068227139067231 0.5520349335229306 0.5121125109811342 0.5558897160077934 0.5225584821244607 0.5705675248106487 0.5222546330589106 0.575893924939618 0.5159068765696173 0.5700934496850447 0.5056311314863449 0.5564736002970716 0.5068227139067231
0 0.618468522916814 0.47591124791870465 0.6105155257779182 0.4746464593892103 0.6021854734643562 0.48027670858372956 0.6030366037646263 0.4900051724322817 0.6062104820092731 0.4926683724967664 0.6187723719823639 0.49058905672156 0.6224935314617308 0.4883029118317415 0.6216424011614607 0.4785744479831894 0.618468522916814 0.47591124791870465