0 0.4021760884197089 0.5647088428059995 0.3972088027673961 0.5695056948016983 0.3970724558421048 0.5773170049201075 0.40186930783780356 0.5822842905724206 0.4087212475570731 0.5814271803672492 0.41475016380249424 0.5717653029132059 0.4099873985381183 0.5648451897312908 0.4021760884197089 0.5647088428059995
0 0.350925358411529 0.5911621732060388 0.34595807275921614 0.5959590252017376 0.34582172583392484 0.6037703353201469 0.3506185778296237 0.6087376209724598 0.3594233450784955 0.6079145974986113 0.3635335205256371 0.596265805783643 0.3587366685299383 0.5912985201313301 0.350925358411529 0.5911621732060388
0 0.3693628583052221 0.6539935214665415 0.3595987206572104 0.6538230878099274 0.3525763472813267 0.6644443356631102 0.3592578533439822 0.6733513631059507 0.3680626205928541 0.6725283396321021 0.3740233633756295 0.6667721172372636 0.37415971030092077 0.6589608071188543 0.3693628583052221 0.6539935214665415
0 0.4942756467371253 0.6600807273304066 0.4845455958204365 0.6579574661441902 0.47759139590719857 0.6646730589381684 0.4774209622505844 0.6744371965861801 0.4822178142462832 0.6794044822384929 0.48903566723422986 0.680500199562924 0.49492823655435964 0.6786496322272901 0.49900432527017846 0.668953668041924 0.4942756467371253 0.6600807273304066
0 0.5186640055693922 0.6058105972774153 0.5128055229805852 0.6057083370834467 0.5078382373282724 0.6105051890791456 0.5076678036716583 0.6202693267271572 0.5124646556673571 0.6252366123794701 0.5193165953866266 0.6243795021742988 0.5232904239084768 0.6205420205777397 0.5234608575650909 0.6107778829297281 0.5186640055693922 0.6058105972774153
0 0.5829709671209777 0.6147467695294775 0.5751937437338912 0.6126575950745841 0.5682736305519761 0.6174203603389599 0.5662185428284052 0.623244756196444 0.5709472213614584 0.6321176969079616 0.5797179018790074 0.6332475009637154 0.5856786446617829 0.627491278568877 0.5858149915870741 0.6196799684504676 0.5829709671209777 0.6147467695294775
0 0.17097327087251202 0.7726195255687436 0.17189855454032893 0.7755658102288084 0.19242028696681476 0.774947307142897 0.1857046941728365 0.7679931072296589 0.17594055652482488 0.7678226735730448 0.17097327087251202 0.7726195255687436
0 0.24509771776845235 0.6108025925402322 0.23529949338911788 0.6125849864132205 0.23214868834111607 0.6252272352586513 0.23694554033681486 0.6301945209109642 0.24770313511528905 0.6294055841684385 0.25164287690581655 0.6275209301014819 0.2499286564954739 0.6138170506629427 0.24509771776845235 0.6108025925402322
0 0.522681804666767 0.7113655440699094 0.5129176670187554 0.7111951104132952 0.5059634671055173 0.7179107032072736 0.5057930334489031 0.7276748408552851 0.5105557987132792 0.7345949540372004 0.5212793067604304 0.7357588448242771 0.5291928770728083 0.7300367091607612 0.5293973974607452 0.7183197439831474 0.522681804666767 0.7113655440699094
0 0.6493429002403356 0.7292038018427112 0.6356390208017965 0.7309180222530538 0.630603561686838 0.7396205293079572 0.632420042291149 0.7474659261576894 0.6391356350851274 0.7544201260709273 0.6498932298636015 0.7536311893284017 0.6558198859150541 0.7498277944631655 0.6560584930343138 0.7361580017559491 0.6493429002403356 0.7292038018427112
1 0.9039213585243164 0.6369530708337011 0.8545844273923151 0.6097206875353379 0.7480701102006814 0.6127450295022501 0.7895616444829505 0.6417938934049243 0.813989031968641 0.6412435637816585 0.8774729700463781 0.6413749687848489 0.9028938146625309 0.6398652687624432 0.9039213585243164 0.6369530708337011
1 0.9107051247809403 0.6400016156877346 0.7944266699412948 0.6428555239980326 0.8417085133497254 0.6759123031538801 0.8524661081281997 0.6751233664113544 0.9589463385885107 0.6740518519740446 0.9658323650391031 0.6712419142392709 0.9107051247809403 0.6400016156877346
1 0.9745689588253292 0.6743245458246271 0.8573652203178668 0.6742321694748602 0.8485263663376721 0.6770080204783111 0.853289131602048 0.6839281336602263 0.8822406772328547 0.7039677099260918 0.9054360004688229 0.718046543409182 0.9103351126584902 0.7171553464726879 0.9953342402931756 0.7157088779908269 0.9968049116621577 0.6874099221772547 0.9745689588253292 0.6743245458246271