0 0.4700259584964634 0.7067521751427933 0.45865530545416655 0.7095871973568519 0.4536761874710276 0.7178738412563926 0.4565112096850862 0.7292444942986894 0.4652703572869699 0.7361187211222113 0.4754572040579038 0.7325723963391327 0.4811476246100626 0.7231019461682291 0.47831260239600404 0.7117312931259323 0.4700259584964634 0.7067521751427933
0 0.7325673023081224 0.5325957350059705 0.7254593706489342 0.5363808586557257 0.7223753615061781 0.5441949988529233 0.7266329888582763 0.5531980393524941 0.734447129055474 0.5562820484952503 0.7408437581456422 0.5536807311168581 0.746534178697801 0.5442102809459545 0.7422765513457028 0.5352072404463836 0.7325673023081224 0.5325957350059705
0 0.8036619009930348 0.4705856813167954 0.7941863567911207 0.47294819982851094 0.7906298439460215 0.4788672311853257 0.7953599750004628 0.4897653805252794 0.8008065026549346 0.4914267845299959 0.8090982405854857 0.48835296344926055 0.811943450861565 0.48361773836380867 0.8095809323498496 0.47414219416189474 0.8036619009930348 0.4705856813167954
0 0.7529766540670629 0.46913251199269324 0.7453962187055316 0.4710225268020657 0.7404171007223928 0.4793091707016064 0.7418346118294221 0.4849944972227548 0.7501212557289627 0.4899736152058938 0.7584129936595139 0.48689979412515844 0.7607857002332501 0.4802694601993238 0.7588956854238778 0.4726890248377925 0.7529766540670629 0.46913251199269324
0 0.7855895975907577 0.5837891438513582 0.7732739371437746 0.5828339483846513 0.7659272066179098 0.5896979871461522 0.7668671199915856 0.6015411438907922 0.7775213764338521 0.6079428670119709 0.7858131143644033 0.6048690459312355 0.7919760386189052 0.5972937046007146 0.7896135201071897 0.5878181603988006 0.7855895975907577 0.5837891438513582
0 0.9177594306221799 0.5729775930385814 0.9078113827179226 0.5734450027099139 0.8995145507563611 0.5845717628545237 0.9018770692680768 0.5940473070564377 0.9125313257103433 0.6004490301776164 0.9246132813216599 0.5964302016921949 0.928881096735779 0.5893273640640171 0.9260460745217204 0.5779567110217203 0.9177594306221799 0.5729775930385814
0 0.7267851891977763 0.6870190883266118 0.7173096449958624 0.6893816068383274 0.7109079218746837 0.700035863280594 0.7137429440887422 0.7114065163228909 0.724869704233352 0.7197033482844523 0.7350565510042858 0.7161570235013739 0.7402744678541016 0.7047914644900874 0.7374394456400429 0.6934208114477907 0.7267851891977763 0.6870190883266118
0 0.612708035692673 0.5524154203493288 0.6032324914907589 0.5547779388610443 0.6001484823480027 0.5625920790582418 0.6020384971573751 0.570172514419773 0.6103251410569158 0.575151632402912 0.6167217701470842 0.5725503150245197 0.6209895855612032 0.565447477396342 0.6186270670494877 0.555971933194428 0.612708035692673 0.5524154203493288
0 0.5871673656110935 0.49034423828802887 0.5814820390899451 0.4917617493950582 0.5774479285114923 0.5038386109753644 0.5862070761133761 0.5107128377988862 0.5907085963631615 0.508584024122837 0.5954489154796236 0.5033762953350422 0.5930863969679082 0.49390075113312815 0.5871673656110935 0.49034423828802887
0 0.6321927561709689 0.4529502233997887 0.6246123208094377 0.4548402382091611 0.6210558079643385 0.4607592695659758 0.6224733190713677 0.4664445960871242 0.6283923504281825 0.47000110893222347 0.6347889795183507 0.46739979155383116 0.6376341897944302 0.4626645664683794 0.6357441749850578 0.4550841311068482 0.6321927561709689 0.4529502233997887
0 0.48766141641347016 0.5352830303207274 0.48008098105193897 0.5371730451300998 0.4751018630688 0.5454596890296406 0.4793594904208983 0.5544627295292115 0.48480601807536994 0.5561241335339279 0.49120264716553824 0.5535228161555357 0.4959429662820004 0.5483150873677407 0.49642056401535395 0.5421572571442492 0.48766141641347016 0.5352830303207274