0 0.34220802559032315 0.5808911697869028 0.3324438879423115 0.5810616034435169 0.32764703594661276 0.5860288890958298 0.32778338287190406 0.5938401992142391 0.3347375827851421 0.6005557920082174 0.3415554357730888 0.5994600746837864 0.3473116581679273 0.5934993319010109 0.347175311242636 0.5856880217826016 0.34220802559032315 0.5808911697869028
0 0.3779774242090766 0.5597558761966063 0.3830469700553579 0.570411210781112 0.3937704781025093 0.5692473199940353 0.39452532811371216 0.5565368976859588 0.38277427620477533 0.5547885905442934 0.3779774242090766 0.5597558761966063
0 0.35501576617026737 0.6431771303462404 0.34329880099265336 0.6433816507341772 0.33850194899695457 0.6483489363864902 0.3386723826535687 0.6581130740345018 0.3456265825668067 0.6648286668284801 0.3543972630843558 0.6636988627727262 0.36011939874787147 0.6557852924603484 0.35799613756165505 0.6460552415436597 0.35501576617026737 0.6431771303462404
0 0.4781120739978596 0.6449353213321074 0.4663951088202456 0.6451398417200443 0.46163234355586963 0.6520599549019596 0.4657425190030112 0.6637087466169278 0.47067571792400126 0.6665527710830244 0.477493570911948 0.6654570537585933 0.4832157065754637 0.6575434834462155 0.48307935965017246 0.6497321733278062 0.4781120739978596 0.6449353213321074
0 0.5025444034056509 0.5898130229960457 0.49668592081684393 0.5899152831900141 0.4899703280228656 0.5968694831032522 0.4900725882168341 0.6027279656920591 0.49507396060046976 0.6094776452173603 0.5057974686476211 0.6083137544302835 0.5096349502441802 0.6043399259084332 0.5094645165875661 0.5945757882604216 0.5025444034056509 0.5898130229960457
0 0.5651712312782167 0.5965335577121247 0.5554070936302049 0.5967039913687389 0.5506102416345062 0.6016712770210517 0.5507125018284746 0.6075297596098587 0.5557138742121104 0.6142794391351598 0.5645186414609822 0.6151024626090082 0.568390209788864 0.6130814616167602 0.5701385169305294 0.6013304097078235 0.5651712312782167 0.5965335577121247
0 0.15797482222416762 0.7696821113061145 0.15328023042243732 0.7805078795472344 0.15632877527647068 0.7872916458038584 0.18267490356044067 0.7858550611661992 0.1804493821802558 0.7702665276607032 0.17157644146873827 0.7655378491276501 0.15797482222416762 0.7696821113061145
0 0.229353069649262 0.6063021305588543 0.21763610447164808 0.6065066509467912 0.21475799327422881 0.609487022338179 0.21496251366216573 0.6212039875157929 0.2267476523024253 0.6249051221870606 0.23356550529037207 0.6238094048626296 0.23634135629382286 0.6149705508824349 0.229353069649262 0.6063021305588543
0 0.5063379144266855 0.6952316228632485 0.4966078635099966 0.6973548840494649 0.49181101151429785 0.7023221697017777 0.49201553190223474 0.7140391348793917 0.4989697318154728 0.7207547276733699 0.5135988949218289 0.7195226634236477 0.5174022897870649 0.713596007372195 0.5152108551382029 0.6999603013963016 0.5063379144266855 0.6952316228632485
1 0.836443824236326 0.5820313644102412 0.7466478446059417 0.5855521815806932 0.7281471131717038 0.5888052468226634 0.772579990191937 0.6163542945471338 0.7911148083574978 0.6150540568347658 0.8857758134462264 0.6104716090712057 0.8867010971140432 0.6075253244111407 0.836443824236326 0.5820313644102412
1 0.8916342960350334 0.6103693488772372 0.7979326613454445 0.6139583395103347 0.7794319299112066 0.6172114047523051 0.7824463880339172 0.6220423434793266 0.8238988936627626 0.6467132800063776 0.8600091595947443 0.6451062617121044 0.9478182249642033 0.6396667037433728 0.936924283260438 0.6310664568824379 0.8916342960350334 0.6103693488772372
1 0.8356158588403766 0.6465087596184407 0.830784920113355 0.6495232177411513 0.8397260342875181 0.6581575513334091 0.8871051959678162 0.6866318827256963 0.9075928416629793 0.6852975582820056 1 0.680824217061283 1 0.6644798317846832 0.9546701646834729 0.6405238139485442 0.8356158588403766 0.6465087596184407