0 0.7890982377149464 0.36075391848177973 0.7172483943059449 0.37578255414165546 0.7208291264456177 0.3802101137518387 0.7462131140092494 0.3924211827721743 0.7683195519780932 0.38832816578894863 0.8230341619540592 0.37768004961614743 0.8235934869207208 0.3746429624020997 0.7890982377149464 0.36075391848177973
1 0.8266305741347683 0.3752022873687612 0.7511843185450578 0.39270868527602315 0.7842890953546966 0.4107377863026775 0.8044614160017796 0.4069165917822645 0.8688466125865502 0.3949093632954001 0.8694059375532117 0.3918722760813525 0.8266305741347683 0.3752022873687612
1 0.9234985023983713 0.4118825345528765 0.8765830818735937 0.3938220734441496 0.8417689700818979 0.39871487777477693 0.7911944172122661 0.41075346634371374 0.7991870289210861 0.4185056156717935 0.826776956269291 0.43237897955107724 0.8414187474139039 0.43130736974086303 0.9038698266769136 0.41957196371681127 0.9229391774317097 0.41491962176692415 0.9234985023983713 0.4118825345528765
0 0.5345684402730358 0.542477390011478 0.5268319709859923 0.5435646798627285 0.5226762338386217 0.5490795293241623 0.5240353461526848 0.5587501159329666 0.5276160782923578 0.5631776755431499 0.536455517471688 0.5629215331213736 0.5400519296523971 0.5604437708739874 0.5425610519818557 0.5502295393395578 0.5345684402730358 0.542477390011478
0 0.46268197501676545 0.45199208048605205 0.45659212054763393 0.4577787524102983 0.45740758793607184 0.463581104375581 0.4629224373975056 0.4677368415229517 0.4676218194705014 0.46609022670503963 0.4709464091883979 0.4616783471358926 0.47013094179996007 0.4558759951706099 0.46268197501676545 0.45199208048605205
0 0.45497686581179436 0.4392687266221637 0.4505493062016111 0.4428494587618366 0.4497024787311007 0.4508577505116927 0.4552173281925345 0.45501348765906335 0.46185082758729123 0.45309505037833875 0.46544723976800045 0.4506172881309526 0.46435994991674995 0.4428808188439091 0.45497686581179436 0.4392687266221637
0 0.4450971769043224 0.4110724341841884 0.4453533193260987 0.41991187336351865 0.44866222900295905 0.42240531565194106 0.45529572839771565 0.4204868783712164 0.45587073340541345 0.4105444692995993 0.45062770640679234 0.4083228494739896 0.4450971769043224 0.4110724341841884
0 0.4744277993166569 0.3882132489910517 0.4755150891679074 0.3959497182780952 0.4851856757767118 0.39459060596403206 0.48382656346264863 0.3849200193552277 0.47692124160507926 0.3849043393141914 0.4744277993166569 0.3882132489910517
0 0.5422526076717741 0.4427814768324951 0.5378250480615908 0.446362208972168 0.5389123379128413 0.4540986782592116 0.5444271873742751 0.4582544154065822 0.549126569447271 0.4566078005886701 0.5524511591651675 0.45219592101952316 0.5516356917767296 0.4463935690542405 0.5422526076717741 0.4427814768324951
0 0.36605977089909914 0.550381183239277 0.35638918429029476 0.5517402955533401 0.35223344714292415 0.5572551450147739 0.35332073699417466 0.5649916143018174 0.3569014691338475 0.5694191739120006 0.36574090831317785 0.5691630314902242 0.37293373267459606 0.564207506995452 0.3715746203605329 0.5545369203866476 0.36605977089909914 0.550381183239277
0 0.5542232143113696 0.40165272823196385 0.551729772022947 0.4049616379088242 0.5528170618741977 0.4126981071958677 0.5561259715510579 0.41519154948429005 0.5646935882675754 0.41300128974075284 0.5655404157380859 0.4049929979908966 0.5600255662766521 0.400837260843526 0.5542232143113696 0.40165272823196385
0 0.6329313394548316 0.40735573818583254 0.634018629306082 0.41509220747287606 0.6373275389829424 0.4175856497612985 0.64589515569946 0.4153953900177612 0.6464701607071578 0.4054529809461441 0.6390211939239631 0.40156906626158617 0.6329313394548316 0.40735573818583254
0 0.5725607596481055 0.4759960139293876 0.5631619955021138 0.47928924356521163 0.5617558430649419 0.4903346225291155 0.5672706925263756 0.49449035967648614 0.5758383092428933 0.4923000999329489 0.5791628989607898 0.48788822036380186 0.5780756091095393 0.4801517510767582 0.5725607596481055 0.4759960139293876
0 0.6590210341196474 0.47370641217443643 0.6512845648326039 0.47479370202568694 0.6457383552890976 0.48444860859345507 0.648759762462109 0.49191325541768605 0.6622985837144351 0.49001049817799763 0.6656231734323316 0.4855986186088506 0.6645358835810811 0.47786214932180704 0.6590210341196474 0.47370641217443643