0 0.2900390625 0.552734375 0.294921875 0.5458984375 0.294921875 0.5361328125 0.2880859375 0.53125 0.2822265625 0.53125 0.2734375 0.5380859375 0.2734375 0.5458984375 0.2822265625 0.5546875 0.28515625 0.5537109375 0.2900390625 0.552734375
0 0.3203125 0.4892578125 0.32421875 0.4794921875 0.3193359375 0.47265625 0.3134765625 0.470703125 0.3046875 0.4775390625 0.3046875 0.4853515625 0.3095703125 0.490234375 0.31640625 0.4912109375 0.3203125 0.4892578125
0 0.494140625 0.4912109375 0.4921875 0.4814453125 0.4794921875 0.48046875 0.474609375 0.4912109375 0.4794921875 0.498046875 0.490234375 0.4970703125 0.494140625 0.4912109375
0 0.4501953125 0.62109375 0.45703125 0.6103515625 0.4482421875 0.59765625 0.4384765625 0.59765625 0.431640625 0.6044921875 0.431640625 0.6142578125 0.4365234375 0.62109375 0.4453125 0.6220703125 0.4501953125 0.62109375
0 0.326171875 0.6083984375 0.330078125 0.5986328125 0.3232421875 0.587890625 0.3154296875 0.5859375 0.306640625 0.5908203125 0.3046875 0.6044921875 0.3115234375 0.611328125 0.322265625 0.6103515625 0.326171875 0.6083984375
0 0.03125 0.5048828125 0.029296875 0.4931640625 0.0146484375 0.490234375 0.009765625 0.4951171875 0.009765625 0.5048828125 0.0146484375 0.509765625 0.025390625 0.5087890625 0.03125 0.5048828125
0 0.8828125 0.4990234375 0.880859375 0.4912109375 0.8779296875 0.48828125 0.8642578125 0.490234375 0.861328125 0.4931640625 0.86328125 0.5048828125 0.8662109375 0.5078125 0.876953125 0.5068359375 0.8828125 0.4990234375
0 0.255859375 0.7060546875 0.255859375 0.6943359375 0.2470703125 0.685546875 0.2373046875 0.685546875 0.228515625 0.6923828125 0.2265625 0.7060546875 0.2333984375 0.71484375 0.24609375 0.7158203125 0.255859375 0.7060546875
0 0.1640625 0.5458984375 0.1640625 0.5361328125 0.1572265625 0.53125 0.1474609375 0.53125 0.142578125 0.5361328125 0.14453125 0.5498046875 0.1474609375 0.552734375 0.16015625 0.5517578125 0.1640625 0.5458984375
0 0.150390625 0.4755859375 0.150390625 0.4658203125 0.1396484375 0.4609375 0.1328125 0.4677734375 0.1328125 0.4755859375 0.1376953125 0.48046875 0.146484375 0.4794921875 0.150390625 0.4755859375
0 0.203125 0.4443359375 0.205078125 0.4384765625 0.2001953125 0.431640625 0.1904296875 0.431640625 0.1875 0.4345703125 0.1875 0.4443359375 0.1943359375 0.44921875 0.197265625 0.4482421875 0.203125 0.4443359375
1 0.75 0.5166015625 0.6962890625 0.486328125 0.6025390625 0.4921875 0.58984375 0.4970703125 0.6259765625 0.5234375 0.6337890625 0.52734375 0.64453125 0.5263671875 0.75 0.5166015625
1 0.69140625 0.4853515625 0.6806640625 0.4765625 0.6474609375 0.458984375 0.5634765625 0.46484375 0.564453125 0.4814453125 0.5791015625 0.4921875 0.58984375 0.4951171875 0.69140625 0.4853515625
1 0.8154296875 0.556640625 0.818359375 0.5537109375 0.7548828125 0.517578125 0.6455078125 0.525390625 0.638671875 0.5283203125 0.6435546875 0.53515625 0.6865234375 0.564453125 0.70703125 0.5654296875 0.8154296875 0.556640625