0 0.150390625 0.3642578125 0.150390625 0.3544921875 0.1455078125 0.349609375 0.1279296875 0.349609375 0.125 0.3525390625 0.123046875 0.3583984375 0.1298828125 0.3671875 0.146484375 0.3681640625 0.150390625 0.3642578125
0 0.2265625 0.2880859375 0.2236328125 0.2734375 0.2060546875 0.2734375 0.201171875 0.2783203125 0.2060546875 0.2890625 0.22265625 0.2900390625 0.2265625 0.2880859375
0 0.162109375 0.2939453125 0.162109375 0.2861328125 0.1572265625 0.28125 0.1416015625 0.28125 0.13671875 0.2861328125 0.1396484375 0.296875 0.158203125 0.2978515625 0.162109375 0.2939453125
0 0.2001953125 0.41796875 0.203125 0.4130859375 0.203125 0.4052734375 0.1982421875 0.3984375 0.1787109375 0.396484375 0.169921875 0.4033203125 0.169921875 0.4111328125 0.1767578125 0.419921875 0.193359375 0.4208984375 0.2001953125 0.41796875
0 0.330078125 0.3994140625 0.33203125 0.3857421875 0.3251953125 0.37890625 0.3056640625 0.380859375 0.30078125 0.3857421875 0.30078125 0.3955078125 0.3046875 0.4013671875 0.3095703125 0.404296875 0.322265625 0.4033203125 0.330078125 0.3994140625
0 0.1513671875 0.537109375 0.15625 0.5322265625 0.158203125 0.5166015625 0.1474609375 0.5078125 0.1279296875 0.509765625 0.12109375 0.5166015625 0.119140625 0.5263671875 0.1357421875 0.5390625 0.14453125 0.5380859375 0.1513671875 0.537109375
0 0.017578125 0.3955078125 0.01953125 0.3837890625 0.0107421875 0.376953125 0.0009765625 0.376953125 0 0.3994140625 0.009765625 0.3994140625 0.017578125 0.3955078125
0 0.02734375 0.2783203125 0.02734375 0.2705078125 0.0224609375 0.265625 0.0126953125 0.263671875 0.001953125 0.2685546875 0.001953125 0.2744140625 0.0087890625 0.283203125 0.021484375 0.2822265625 0.02734375 0.2783203125
1 0.6552734375 0.2578125 0.66796875 0.2509765625 0.6123046875 0.232421875 0.5947265625 0.23046875 0.4921875 0.2646484375 0.5029296875 0.2734375 0.5458984375 0.291015625 0.556640625 0.2900390625 0.6552734375 0.2578125
1 0.59375 0.2294921875 0.5869140625 0.224609375 0.5654296875 0.21875 0.5087890625 0.21875 0.435546875 0.2431640625 0.4482421875 0.251953125 0.4853515625 0.265625 0.490234375 0.2646484375 0.59375 0.2294921875
1 0.50390625 0.2197265625 0.3876953125 0.21875 0.3828125 0.2236328125 0.4228515625 0.2421875 0.4375 0.2412109375 0.50390625 0.2197265625