1 0.9519349861295003 0.3740940425507583 1 0.406753760865654 1 0.37103996095776004 0.9549651335622785 0.3712683843564714 0.9519349861295003 0.3740940425507583
0 0.8038977123352622 0.5838991738193531 0.7895649321253365 0.5746042422825275 0.7757650595031906 0.5780309711440912 0.768626552413878 0.586576108806449 0.7681494108573985 0.6002396552696008 0.7785101575697838 0.6113501958564539 0.7970876235952382 0.6110217775071651 0.8031479184607944 0.6053704611185914 0.8074607673558202 0.5937951760234554 0.8038977123352622 0.5838991738193531
0 0.7448129676865154 0.4010617038216965 0.7331013564323853 0.40065272534471397 0.724010914134051 0.4091296999275748 0.7236700987365656 0.4188893759726831 0.728243202901383 0.4278434921120233 0.7408967002202753 0.42926251973326507 0.7488407672153562 0.42563130163321006 0.7532899422693761 0.4101521461200308 0.7448129676865154 0.4010617038216965
0 0.600772521486211 0.552376941899138 0.589129073311578 0.550016028213134 0.5761347605952003 0.5583566766370005 0.573637520750202 0.5739039952296767 0.5858820395921119 0.5870346341050486 0.5986036999905014 0.5865017265172687 0.608636028353598 0.5790348010786674 0.6109969420396022 0.5673913529040345 0.600772521486211 0.552376941899138
0 0.1666993304186153 0.3906451083356715 0.15687149129400985 0.39225622814720784 0.14966482112520013 0.4027533010185872 0.1512759409367364 0.41258114014319264 0.15786914339007252 0.41965148415300824 0.17059080378846192 0.4191185765652284 0.1806231321515586 0.4116516511266271 0.17726456636949178 0.3958998432954596 0.1666993304186153 0.3906451083356715
0 0.5024321449991731 0.7101738503673151 0.49409149657530654 0.6971795376509373 0.47861234106212736 0.6927303625969174 0.4635979300572308 0.7029547831503086 0.45914875500321106 0.7184339386634878 0.4711887846066297 0.7374203831659247 0.483842281925522 0.7388394107871665 0.4887562014878247 0.7380338508813983 0.49993490515417494 0.7257211689599913 0.5024321449991731 0.7101738503673151
0 0.3616635679858978 0.4599915060535692 0.3539239902293082 0.4577669185265593 0.34301793888094634 0.4622718596118795 0.3388414161449147 0.4699432742889721 0.3385006007474293 0.4797029503340805 0.34502564012126835 0.48872522955291775 0.35572720223113896 0.4900760940946626 0.3656913675147386 0.48456110386508283 0.3700723794892614 0.4710338835609253 0.3616635679858978 0.4599915060535692
0 0.3438049239000042 0.3557891461009529 0.33209331264587416 0.3553801676239704 0.32502296863605856 0.36197337007730657 0.32461399015907616 0.37368498133143657 0.33309096474193683 0.38277542362977096 0.34190875472228294 0.3821061898829969 0.35005731095585496 0.37261916615587687 0.35032996327384325 0.36481142531979016 0.3438049239000042 0.3557891461009529
0 0.42156631095977914 0.31160106118481856 0.40985469970564914 0.3111920827078361 0.4048044539843523 0.3159015130316477 0.4025798664573423 0.3236410907882372 0.41098867796070593 0.3346834682955933 0.41583443444351154 0.33582984359884677 0.4237785014385924 0.33219862549879176 0.42627574128359064 0.3166513069061154 0.42156631095977914 0.31160106118481856
0 0.5594782578438606 0.47569376706311955 0.5529532184700217 0.4666714878442823 0.5373377367978482 0.46612618320830573 0.5281109683405197 0.47850702820920976 0.5297220881520561 0.4883348673338152 0.5401509979439384 0.49749347271164657 0.5470168527152628 0.49675607588537557 0.5519307722775656 0.49595051597960743 0.5590692793668781 0.48740537831724967 0.5594782578438606 0.47569376706311955
0 0.5951955873868174 0.37629379461020523 0.5834839761326874 0.3758848161332228 0.5764136321228718 0.38247801858655883 0.5760046536458894 0.3941896298406889 0.58448162822875 0.4032800721390233 0.593299418209096 0.40261083839224926 0.6013798113631711 0.39507574987415084 0.6017887898401535 0.3833641386200208 0.5951955873868174 0.37629379461020523
0 0.7777913770013926 0.40807628180021177 0.7680317009562843 0.4077354664027263 0.7589412586579498 0.41621244098558713 0.7585322801809674 0.42792405223971713 0.7670092547638282 0.4370144945380514 0.7777789799531958 0.43641342387077453 0.7858593731072709 0.4288783353526761 0.7863365146637504 0.4152147888895244 0.7777913770013926 0.40807628180021177
0 0.09294712662980123 0.6558108503482372 0.08137184153466537 0.6514980014532112 0.06252172319122268 0.6596341606385866 0.05800438505770565 0.6770652513607874 0.05975183102823608 0.6829892200673496 0.07206451294964306 0.6941679237336998 0.08478617334803246 0.6936350161459199 0.0989268613676637 0.6804486112392477 0.09947216600364027 0.6648331295670744 0.09294712662980123 0.6558108503482372