1 0.8369140625 0.5625 0.841796875 0.5576171875 0.7763671875 0.521484375 0.662109375 0.5322265625 0.6689453125 0.541015625 0.7119140625 0.5703125 0.744140625 0.5693359375 0.8369140625 0.5625
1 0.7509765625 0.525390625 0.7705078125 0.5234375 0.7734375 0.5205078125 0.7197265625 0.490234375 0.6142578125 0.498046875 0.611328125 0.5009765625 0.6552734375 0.53125 0.673828125 0.5302734375 0.7509765625 0.525390625
1 0.7099609375 0.4921875 0.716796875 0.4892578125 0.6708984375 0.462890625 0.5888671875 0.466796875 0.5712890625 0.46875 0.568359375 0.4716796875 0.6044921875 0.498046875 0.61328125 0.4990234375 0.7099609375 0.4921875
0 0.478515625 0.6201171875 0.48046875 0.6103515625 0.4716796875 0.6015625 0.4599609375 0.6015625 0.453125 0.6142578125 0.455078125 0.6201171875 0.4638671875 0.626953125 0.46875 0.6259765625 0.478515625 0.6201171875
0 0.90234375 0.5087890625 0.90234375 0.4990234375 0.8974609375 0.494140625 0.8876953125 0.494140625 0.8828125 0.5009765625 0.8828125 0.5068359375 0.8916015625 0.513671875 0.896484375 0.5126953125 0.90234375 0.5087890625
0 0.353515625 0.6083984375 0.353515625 0.5986328125 0.3447265625 0.58984375 0.3349609375 0.58984375 0.328125 0.5966796875 0.328125 0.6083984375 0.3349609375 0.615234375 0.345703125 0.6142578125 0.353515625 0.6083984375
0 0.056640625 0.5087890625 0.05859375 0.5009765625 0.0537109375 0.494140625 0.0419921875 0.4921875 0.03515625 0.4990234375 0.03515625 0.5068359375 0.0419921875 0.513671875 0.048828125 0.5126953125 0.056640625 0.5087890625
0 0.28125 0.7080078125 0.28125 0.6962890625 0.2744140625 0.689453125 0.2587890625 0.689453125 0.251953125 0.6982421875 0.251953125 0.7080078125 0.2626953125 0.71875 0.2734375 0.7177734375 0.28125 0.7080078125
0 0.19140625 0.5458984375 0.189453125 0.5400390625 0.1806640625 0.533203125 0.1708984375 0.53515625 0.16796875 0.5380859375 0.16796875 0.5498046875 0.1728515625 0.5546875 0.185546875 0.5537109375 0.19140625 0.5458984375
0 0.17578125 0.4697265625 0.1708984375 0.46484375 0.1630859375 0.46484375 0.158203125 0.4697265625 0.158203125 0.4794921875 0.1630859375 0.484375 0.173828125 0.4833984375 0.17578125 0.4697265625
0 0.23046875 0.4423828125 0.228515625 0.4384765625 0.2216796875 0.43359375 0.2138671875 0.435546875 0.2109375 0.4404296875 0.212890625 0.4482421875 0.2158203125 0.451171875 0.2265625 0.4501953125 0.23046875 0.4423828125
0 0.5078125 0.4990234375 0.5078125 0.4873046875 0.5048828125 0.484375 0.4951171875 0.484375 0.490234375 0.4892578125 0.490234375 0.4970703125 0.4931640625 0.501953125 0.501953125 0.5029296875 0.5078125 0.4990234375
0 0.34765625 0.4873046875 0.345703125 0.4775390625 0.3408203125 0.474609375 0.3310546875 0.4765625 0.328125 0.4794921875 0.330078125 0.4912109375 0.3330078125 0.494140625 0.34375 0.4931640625 0.34765625 0.4873046875
0 0.31640625 0.5537109375 0.3203125 0.5419921875 0.3154296875 0.53515625 0.3037109375 0.53515625 0.298828125 0.5400390625 0.298828125 0.5498046875 0.3056640625 0.556640625 0.3125 0.5556640625 0.31640625 0.5537109375