0 0.4033203125 0.56640625 0.3984375 0.5712890625 0.3984375 0.5791015625 0.4033203125 0.583984375 0.41015625 0.5830078125 0.416015625 0.5732421875 0.4111328125 0.56640625 0.4033203125 0.56640625
0 0.3525390625 0.59375 0.34765625 0.5986328125 0.34765625 0.6064453125 0.3525390625 0.611328125 0.361328125 0.6103515625 0.365234375 0.5986328125 0.3603515625 0.59375 0.3525390625 0.59375
0 0.3720703125 0.65625 0.3623046875 0.65625 0.35546875 0.6669921875 0.3623046875 0.67578125 0.37109375 0.6748046875 0.376953125 0.6689453125 0.376953125 0.6611328125 0.3720703125 0.65625
0 0.4970703125 0.66015625 0.4873046875 0.658203125 0.48046875 0.6650390625 0.48046875 0.6748046875 0.4853515625 0.6796875 0.4921875 0.6806640625 0.498046875 0.6787109375 0.501953125 0.6689453125 0.4970703125 0.66015625
0 0.5205078125 0.60546875 0.5146484375 0.60546875 0.509765625 0.6103515625 0.509765625 0.6201171875 0.5146484375 0.625 0.521484375 0.6240234375 0.525390625 0.6201171875 0.525390625 0.6103515625 0.5205078125 0.60546875
0 0.5849609375 0.61328125 0.5771484375 0.611328125 0.5703125 0.6162109375 0.568359375 0.6220703125 0.5732421875 0.630859375 0.58203125 0.6318359375 0.587890625 0.6259765625 0.587890625 0.6181640625 0.5849609375 0.61328125
0 0.17578125 0.7783203125 0.1767578125 0.78125 0.197265625 0.7802734375 0.1904296875 0.7734375 0.1806640625 0.7734375 0.17578125 0.7783203125
0 0.2470703125 0.615234375 0.2373046875 0.6171875 0.234375 0.6298828125 0.2392578125 0.634765625 0.25 0.6337890625 0.25390625 0.6318359375 0.251953125 0.6181640625 0.2470703125 0.615234375
0 0.5263671875 0.7109375 0.5166015625 0.7109375 0.509765625 0.7177734375 0.509765625 0.7275390625 0.5146484375 0.734375 0.525390625 0.7353515625 0.533203125 0.7294921875 0.533203125 0.7177734375 0.5263671875 0.7109375
0 0.6533203125 0.7265625 0.6396484375 0.728515625 0.634765625 0.7373046875 0.63671875 0.7451171875 0.6435546875 0.751953125 0.654296875 0.7509765625 0.66015625 0.7470703125 0.66015625 0.7333984375 0.6533203125 0.7265625
1 0.90625 0.6298828125 0.8564453125 0.603515625 0.75 0.6083984375 0.7919921875 0.63671875 0.81640625 0.6357421875 0.8798828125 0.634765625 0.9052734375 0.6328125 0.90625 0.6298828125
1 0.9130859375 0.6328125 0.796875 0.6376953125 0.8447265625 0.669921875 0.85546875 0.6689453125 0.9619140625 0.666015625 0.96875 0.6630859375 0.9130859375 0.6328125
1 0.9775390625 0.666015625 0.8603515625 0.66796875 0.8515625 0.6708984375 0.8564453125 0.677734375 0.8857421875 0.697265625 0.9091796875 0.7109375 0.9140625 0.7099609375 0.9990234375 0.70703125 1 0.6787109375 0.9775390625 0.666015625