0 0.25150766370800975 0.5285227564361306 0.24606618179860312 0.5327741080388462 0.2468146181943367 0.5427049676123066 0.24936542915596616 0.5459698567579506 0.26014655904996975 0.5463097167440983 0.264499744577495 0.5429086354619258 0.26568987488418594 0.5332158019498034 0.25150766370800975 0.5285227564361306
0 0.19600330752171505 0.5158043005500499 0.18607244794825456 0.5165527369457834 0.1825695327412724 0.5210421146098374 0.18331796913700601 0.5309729741832978 0.18586878009863542 0.5342378633289417 0.19664990999263904 0.5345777233150895 0.20100309552016427 0.531176642032917 0.20219322582685514 0.5214838085207947 0.19600330752171505 0.5158043005500499
0 0.1612465397249509 0.574506070168898 0.15155370621282863 0.5733159398622071 0.14393563153965944 0.5792678321060091 0.14274550123296853 0.5889606656181314 0.15063596017919492 0.5968167663526388 0.15560138996592518 0.596442548154772 0.16406973495963756 0.5915789522928513 0.1671984319687529 0.5821241448420673 0.1612465397249509 0.574506070168898
0 0.3181698494068698 0.6587109865626503 0.3065384491923231 0.6572828301946212 0.2989203745191539 0.6632347224384232 0.29749221815112487 0.67486612265297 0.3053826770973513 0.6827222233874772 0.3122866735865059 0.6825860312509487 0.3205169925188801 0.6796610020914525 0.32435976771201 0.664390494533395 0.3181698494068698 0.6587109865626503
0 0.1872994178873595 0.6347709475819563 0.1776065843752372 0.6335808172752654 0.169988509702068 0.6395327095190674 0.16685981269295264 0.6489875169698516 0.17257367887541644 0.6585441583454452 0.1852933754718445 0.6591220443929311 0.19158512770179423 0.6559589891720967 0.19495185077224775 0.6445656150188882 0.1872994178873595 0.6347709475819563
0 0.7858723536048643 0.615780209153475 0.780056653497591 0.6150661309694605 0.7748531976495225 0.6173789158697517 0.7717245006404072 0.6268337233205358 0.7757378261817848 0.6342137719323668 0.7824037966096012 0.6360161464982628 0.7928107083057381 0.6313905766976802 0.7937628125510907 0.6236363098879825 0.7858723536048643 0.615780209153475
0 0.07281842638846445 0.46132324645324096 0.06543837777663339 0.4653365719946184 0.06424824746994248 0.4750294055067408 0.06679905843157194 0.4782942946523847 0.079518755028 0.4788721806998707 0.08434799267820162 0.4715939660128493 0.08057269319816225 0.4622753506985937 0.07281842638846445 0.46132324645324096
0 0.020307815785104006 0.48832822886100224 0.010614982272981672 0.4871380985543114 0.0025208554771360735 0.4969671242029623 0.008234721659599886 0.5065237655785559 0.017077284851179042 0.5066255995033655 0.02360706314246692 0.5015239775801067 0.024559167387819637 0.49376971077040893 0.020307815785104006 0.48832822886100224
0 0.02337027779147627 0.5595447865163118 0.011500851515591395 0.5600551968507071 0.006059369606184783 0.5643065484534229 0.004869239299493888 0.5739993819655451 0.010821131543295882 0.5816174566387143 0.021602261437299482 0.5819573166248622 0.028132039728587365 0.5768556947016034 0.02932217003527826 0.567162861189481 0.02337027779147627 0.5595447865163118
1 0.6237811869969436 0.6057168795745285 0.568549215083706 0.6068064166667572 0.5314784216763032 0.6042224882037563 0.5176704286979938 0.6044948724768135 0.5144055395523498 0.6070456834384429 0.5613740750318417 0.6492168580587572 0.5740937716282697 0.649794744106243 0.686258256095831 0.649792262685548 0.6584717197909646 0.6276864750617739 0.6237811869969436 0.6057168795745285
1 0.5769488436539804 0.5704497014433689 0.4790684042874048 0.5663026651861578 0.46998781503448744 0.5681393979637728 0.47764024791937565 0.5779340654007046 0.5079775951858715 0.6033047421701226 0.5303901252944219 0.6050727585242994 0.6216045942331809 0.6074174202156147 0.6248694833788249 0.6048666092539853 0.5769488436539804 0.5704497014433689
1 0.5298784742496789 0.5371210900146339 0.4496831612662617 0.533177721607042 0.43199803488310345 0.5329740537574228 0.4287331457374594 0.5355248647190523 0.4633218446066709 0.5663370233978768 0.4799186746079479 0.5673909615680393 0.563140850675671 0.5707220857164261 0.570520899287502 0.5667087601750487 0.5298784742496789 0.5371210900146339