0 0.548828125 0.6474609375 0.55078125 0.6376953125 0.548828125 0.6259765625 0.5439453125 0.619140625 0.533203125 0.6259765625 0.52734375 0.6455078125 0.52734375 0.6513671875 0.5322265625 0.65625 0.54296875 0.6552734375 0.548828125 0.6474609375
0 0.53515625 0.5849609375 0.537109375 0.5615234375 0.5341796875 0.55859375 0.5263671875 0.55859375 0.51953125 0.5751953125 0.51953125 0.5888671875 0.53125 0.5888671875 0.53515625 0.5849609375
0 0.6298828125 0.7734375 0.6240234375 0.771484375 0.61328125 0.7783203125 0.6142578125 0.78125 0.634765625 0.7802734375 0.6298828125 0.7734375
0 0.375 0.7607421875 0.376953125 0.7392578125 0.3720703125 0.732421875 0.3603515625 0.732421875 0.353515625 0.7412109375 0.349609375 0.7646484375 0.3544921875 0.771484375 0.369140625 0.7705078125 0.375 0.7607421875
0 0.671875 0.6591796875 0.673828125 0.6376953125 0.6689453125 0.6328125 0.6611328125 0.6328125 0.654296875 0.6396484375 0.650390625 0.6650390625 0.6572265625 0.669921875 0.666015625 0.6689453125 0.671875 0.6591796875
0 0.697265625 0.6083984375 0.701171875 0.5947265625 0.701171875 0.5810546875 0.6962890625 0.578125 0.685546875 0.5830078125 0.681640625 0.5947265625 0.681640625 0.6083984375 0.6884765625 0.61328125 0.693359375 0.6123046875 0.697265625 0.6083984375
0 0.759765625 0.6181640625 0.763671875 0.6044921875 0.763671875 0.5927734375 0.7607421875 0.58984375 0.7529296875 0.58984375 0.744140625 0.6044921875 0.744140625 0.6181640625 0.7490234375 0.623046875 0.755859375 0.6220703125 0.759765625 0.6181640625
0 0.703125 0.7236328125 0.70703125 0.7099609375 0.70703125 0.6943359375 0.7001953125 0.6875 0.6943359375 0.6875 0.68359375 0.6962890625 0.6796875 0.7197265625 0.6865234375 0.728515625 0.69921875 0.7275390625 0.703125 0.7236328125
0 0.837890625 0.7412109375 0.83984375 0.7177734375 0.8310546875 0.7109375 0.8251953125 0.7109375 0.814453125 0.7216796875 0.810546875 0.7451171875 0.8212890625 0.75390625 0.830078125 0.7529296875 0.837890625 0.7412109375
0 0.4296875 0.5966796875 0.4296875 0.5771484375 0.4267578125 0.57421875 0.4169921875 0.57421875 0.412109375 0.5810546875 0.41015625 0.6064453125 0.4150390625 0.609375 0.423828125 0.6083984375 0.4296875 0.5966796875
1 1 0.5927734375 0.9833984375 0.58984375 0.9384765625 0.591796875 0.935546875 0.5947265625 0.935546875 0.6162109375 0.9912109375 0.658203125 1 0.6611328125 1 0.5927734375