0 0.45665516879575085 0.5207381563282437 0.4455985791207799 0.5163912466687899 0.43598638492088443 0.5193400091554199 0.43621254783257435 0.5323670148995535 0.45224828759981744 0.5367738960954868 0.4568813317074407 0.5337651620723773 0.45891171931308294 0.5242129394089612 0.45665516879575085 0.5207381563282437
0 0.6955257855171998 0.693313970737644 0.6806483067768625 0.6881549060359333 0.6706300350558385 0.6930141130552465 0.6685996474501963 0.7025663357186626 0.673864931990638 0.7106741629070034 0.6899006717578812 0.7150810441029367 0.6991667599731277 0.7090635760567177 0.7007910700576414 0.7014217979259848 0.6955257855171998 0.693313970737644
0 0.8201570059649885 0.7457630210992594 0.8129213053553841 0.7422282664820624 0.7991421161054734 0.7412961683668466 0.7929447334498156 0.7469675304284168 0.7928247903768567 0.7569258306129614 0.7980900749172986 0.765033657801302 0.8122153701518584 0.769034461476107 0.8210753808459765 0.764927437962571 0.8254222905054304 0.7538708482876002 0.8201570059649885 0.7457630210992594
0 0.6771409986281214 0.6295033944190925 0.6679948534858337 0.6255625622807671 0.6583826592859382 0.6285113247673972 0.6559461941591676 0.6399739919634966 0.6597071116880546 0.6457652970980255 0.6742384844437429 0.6478556562401473 0.6788715285513661 0.6448469222170379 0.6809019161570083 0.6352946995536217 0.6771409986281214 0.6295033944190925
0 0.7804986412366814 0.6035505241699888 0.7690359740405821 0.6011140590432181 0.7632446689060528 0.6048749765721052 0.7627186483119656 0.616743721289333 0.766885643361981 0.6206245818911788 0.7756856825196196 0.6214967084699151 0.7849517707348662 0.615479240423696 0.7857639257771231 0.6116583513583296 0.7804986412366814 0.6035505241699888
0 0.7122486586541731 0.5770629886921375 0.7026364644542775 0.5800117511787675 0.7001999993275068 0.5914744183748668 0.7024565498448391 0.5949492014555842 0.7188983671332106 0.5974456381188343 0.7247496438042191 0.5887055704976751 0.7213948037964608 0.5810038208304628 0.7122486586541731 0.5770629886921375
0 0.3584016979519897 0.6635879722899004 0.3446225087020788 0.6626558741746846 0.33570252647148113 0.6717420477804927 0.3374930279312054 0.6821064254861657 0.34125394546009236 0.6878977306206948 0.3557853182157807 0.6899880897628166 0.36354703941947253 0.6816540996627858 0.3655774270251147 0.6721018769993696 0.3584016979519897 0.6635879722899004
0 0.5989240712264083 0.7626347963421227 0.581323992911131 0.76089054318465 0.5755326877766017 0.764651460713537 0.5730962226498312 0.7761141279096362 0.5832806857460657 0.7892610767267287 0.5920807249037043 0.7901332033054651 0.6032572576516342 0.7845218127803745 0.6060998002995333 0.771148701051592 0.5989240712264083 0.7626347963421227
0 0.5462524239881954 0.5877048562113195 0.5385506743209831 0.5910596962190781 0.5361142091942125 0.6025223634151773 0.5398751267230995 0.6083136685497065 0.5563169440114709 0.6108101052129566 0.5609499881190942 0.607801371189847 0.5611299027285328 0.5928639209130303 0.5462524239881954 0.5877048562113195
0 0.552011204054701 0.5230358765482597 0.5462198989201719 0.5267967940771466 0.5468521393529903 0.537913355288597 0.5609774345875501 0.5419141589634018 0.5679270007489852 0.5374010579287376 0.5653843157834835 0.5258784191961587 0.552011204054701 0.5230358765482597
0 0.6203348814079167 0.5116006558206163 0.6130991807983123 0.5080659012034193 0.6034869865984167 0.5110146636900494 0.6014565989927745 0.5205668863534656 0.6037131495101067 0.524041669434183 0.6163340777331119 0.5257259510551762 0.6205610443196068 0.5246276615647499 0.6225914319252489 0.5150754389013338 0.6203348814079167 0.5116006558206163