0 0.7165805971538346 0.5820735740663436 0.7075046220179316 0.577973719893483 0.6974030712723513 0.5826573438821568 0.6952062836322745 0.5921726765460751 0.697401847139427 0.5956863126372737 0.7080883918337448 0.5971512457749663 0.7146763064881265 0.594663185293445 0.7178974456049563 0.5893933432231094 0.7165805971538346 0.5820735740663436
0 0.6559761892120506 0.5580594429779183 0.6422153659545495 0.5568870068145945 0.6387017298633509 0.559082570321747 0.6360655846952588 0.5705009695184489 0.6382611482024113 0.5740146056096475 0.6508507594295126 0.5759188962753554 0.6578780316119098 0.5715277692610505 0.6596354617239713 0.5639155031299159 0.6559761892120506 0.5580594429779183
0 0.6142494653798347 0.6085610760411978 0.6028310661831328 0.6059249308731056 0.5950719394983516 0.609144845857011 0.5918508003815217 0.6144146879273467 0.5979981333749638 0.6268586627337258 0.6048785450037143 0.6274448808153879 0.611466459658096 0.6249568203338666 0.6174693803637401 0.616320202725979 0.6142494653798347 0.6085610760411978
0 0.300963100643671 0.6675279835002311 0.3012568217509642 0.6575732933082975 0.2937914161734761 0.6508385181002693 0.2819336594487587 0.6501054394649607 0.2732958177079468 0.6571314875144334 0.2725627390726383 0.6689892442391507 0.2776857205893274 0.6771877284519474 0.2845661322180778 0.6777739465336092 0.2914465438468284 0.6783601646152713 0.2973026039988259 0.6747008921033505 0.300963100643671 0.6675279835002311
0 0.3877894445102763 0.5041616551869024 0.37241805169436043 0.5056241400587462 0.36875755504951535 0.5127970486618656 0.37197747003342074 0.5205561753466468 0.3902762808588732 0.523778538596401 0.394815492559749 0.5127994969277144 0.3930592865806119 0.5073827943037321 0.3877894445102763 0.5041616551869024
0 0.6323965191199432 0.6688766594073862 0.614829562796875 0.6668255081880315 0.6066310785840783 0.6719484897047205 0.6039949334159862 0.6833668889014226 0.6095572724606906 0.6896623065814355 0.6240499502205756 0.6920059547751588 0.6357620705245709 0.6846874097513174 0.636055791631864 0.6747327195593836 0.6323965191199432 0.6688766594073862
0 0.752141625998743 0.7145624975234376 0.7445293598676084 0.7128050674113762 0.7341353121476593 0.7144144128368667 0.7269611794116158 0.7237828849471384 0.731205445872274 0.7357875022255023 0.7433556995713603 0.7395948594239939 0.7541891048193247 0.7360824474657198 0.7591676740482158 0.7232003392642495 0.752141625998743 0.7145624975234376
0 0.49230757086095817 0.5723905705890646 0.48044981413624077 0.5716574919537561 0.4732756814001971 0.5810259640640278 0.47342131782091934 0.5890775877231779 0.48630342602238963 0.594056156952069 0.4980155463263848 0.5867376119282276 0.4978699099056625 0.5786859882690776 0.49230757086095817 0.5723905705890646
0 0.5375271205246583 0.7411858428556192 0.5242056547951728 0.7381103401595116 0.5160071705823761 0.7432333216762006 0.5129316678862686 0.7565547874056863 0.5195183584077261 0.7670956956792819 0.5302049031020438 0.7685606288169746 0.5372321752844409 0.7641695018026697 0.5441138110461157 0.7517267511292147 0.5375271205246583 0.7411858428556192
0 0.5047564421990348 0.5141273625751552 0.501097169687114 0.5082713024231578 0.4915818370231958 0.5060745147830809 0.48382271033841445 0.5092944297669864 0.4811865651703223 0.5207128289636882 0.4852851952102585 0.5246658225829022 0.49216560683900895 0.5252520406645641 0.4971429519349758 0.5253989012182106 0.5034383696149887 0.5198365621735063 0.5047564421990348 0.5141273625751552
0 0.5584841109108415 0.498468369316568 0.5548248383989207 0.4926123091645705 0.5429670816742033 0.49187923052926197 0.5371110215222058 0.49553850304118263 0.5372566579429281 0.5035901267003327 0.5444295665460472 0.5072506233451778 0.5513099781747978 0.5078368414268397 0.5571660383267953 0.5041775689149189 0.5584841109108415 0.498468369316568
1 0.9385038545883658 0.6713940990790919 0.9671942648679186 0.6990650544135891 0.974370845869811 0.6636386447930838 0.928989746057372 0.6561683426838982 0.9385038545883658 0.6713940990790919
1 0.8888821607140415 0.612832273426192 0.8880034456580107 0.6166384064917593 0.8964932027122516 0.6276186722933701 0.9225486919566368 0.6536790580694527 0.9636843011754934 0.662173711655391 0.9755420579002104 0.6629067902906995 0.9818399238460722 0.6312865137357615 0.8888821607140415 0.612832273426192