0 0.5759152238765823 0.6117638531641623 0.5696198061965695 0.6062015141194578 0.5606906916143131 0.6152787133882851 0.5593750672961157 0.6356274513001678 0.5606931398801618 0.6413366508985188 0.5665492000321594 0.6449959234104395 0.5767963871984618 0.6416279237399632 0.5807481566847513 0.6326975850247825 0.5804544355774582 0.6227428948328488 0.5759152238765823 0.6117638531641623
0 0.5464843901641749 0.549403239243241 0.5388721240330403 0.5511606693553024 0.535945930156428 0.5688744862320174 0.5390214328525356 0.5821959519615031 0.5504398320492376 0.5795598067934109 0.5533672500587741 0.5748749586718128 0.5499980262553735 0.5515988027503935 0.5464843901641749 0.549403239243241
0 0.6729863066436415 0.745704244296781 0.6745968762020562 0.7483391653319489 0.694359396032277 0.7427743780213956 0.6880639783522641 0.7372120389766913 0.6819154212258978 0.7366270450279536 0.6729863066436415 0.745704244296781
0 0.4276326879364981 0.755242835486262 0.41621428873979605 0.7578789806543542 0.41153066475112243 0.7679805313999345 0.41299682202173943 0.7916960448493692 0.41929223970175233 0.7972583838940734 0.4333455599336221 0.7930116691675665 0.4368579718918964 0.7821782639196021 0.4339281056165111 0.7608051745309664 0.4276326879364981 0.755242835486262
0 0.6944915669908315 0.5914040980559603 0.6868793008596967 0.5931615281680218 0.6817563193430076 0.6013600123808184 0.6836618341416401 0.6269785923630367 0.6914209608264212 0.630198507346942 0.6997650814599401 0.6272698652044811 0.7032774934182142 0.6164364599565166 0.7003476271428289 0.5950633705678811 0.6944915669908315 0.5914040980559603
0 0.7142491902893547 0.5337234357249397 0.7088324876653724 0.5319672297458027 0.6994640155551008 0.5391413624818464 0.6982940276576256 0.551438476734579 0.7013695303537332 0.5647599424640647 0.7091286570385144 0.5679798574479701 0.7136666446064659 0.5659299303615398 0.7165940626160026 0.5612450822399417 0.7173246929854622 0.5470449014544254 0.7142491902893547 0.5337234357249397
0 0.7777834645065241 0.5310823940251502 0.7742698284153255 0.5288868305179977 0.7666575622841909 0.5306442606300592 0.7613889443467797 0.5468943685020058 0.7644644470428872 0.5602158342314915 0.7703205071948848 0.5638751067434121 0.7767615612956199 0.5613858221289666 0.7796889793051565 0.5567009740073685 0.7804196096746163 0.5425007932218522 0.7777834645065241 0.5310823940251502
0 0.7454411265125966 0.6427832220423462 0.7372426422998001 0.6376602405256572 0.7315334427014492 0.6389783131097031 0.7230436856472081 0.649958578911314 0.724509842917825 0.6736740923607488 0.733147684658637 0.6807001404102215 0.7452979383577232 0.6768927832117299 0.7482253563672598 0.6722079350901318 0.7489559867367196 0.6580077543046154 0.7454411265125966 0.6427832220423462
0 0.8700203903324898 0.6310600845420318 0.8643111907341388 0.6323781571260779 0.8562607912079132 0.6452614894604725 0.8577269484785303 0.6689770029099072 0.8701709232849095 0.6751243359033492 0.8785150439184284 0.6721956937608884 0.8834911648814708 0.6590198644521249 0.8801219410780702 0.6357437085307055 0.8700203903324898 0.6310600845420318
0 0.4453305910851964 0.5887924355463553 0.435815258421278 0.5909892231864321 0.4325953434373727 0.5987483498712132 0.4364039247687887 0.6239275723254162 0.44182062739277084 0.6256837783045534 0.4501647480262897 0.6227551361620923 0.45323780245654854 0.6100186643813442 0.44884422717639494 0.5909879990535076 0.4453305910851964 0.5887924355463553
1 0.9478882404266542 0.49080836200138345 0.9456926769195018 0.49432199809258204 0.9505256097276706 0.5152557299532023 1 0.5373145980178576 1 0.47834112752240987 0.991219413152663 0.47880007232424654 0.9478882404266542 0.49080836200138345