0 0.3552376636264628 0.532076782628377 0.3455461506608515 0.52978403202187 0.3405640680190517 0.5325415271366597 0.3382713174125447 0.542233040102271 0.3429125846568591 0.5492352210325896 0.3517303746372052 0.5485659872858155 0.3557024081347456 0.5467503782357881 0.3579951587412526 0.5370588652701768 0.3552376636264628 0.532076782628377
0 0.5454862930314203 0.4566391594811856 0.5404360473101234 0.4613485898049972 0.5402315580716321 0.4672043954320622 0.5449409883954437 0.47225464115335897 0.5498549079577464 0.47144908124759094 0.5538269414552868 0.46963347219756335 0.5541677568527722 0.45987379615245494 0.5454862930314203 0.4566391594811856
0 0.5613186609902815 0.4229915164195345 0.5611141717517902 0.4288473220465995 0.5639398299460773 0.43187746947937755 0.5727576199264234 0.43120823573260364 0.5750503705329304 0.4215167227669923 0.5663689067115785 0.4182820860957229 0.5613186609902815 0.4229915164195345
0 0.6439691735159658 0.4346721557387575 0.6409390260831878 0.43749781393304443 0.6406663737651994 0.4453055547691312 0.6434920319594862 0.4483357022019092 0.6523098219398323 0.4476664684551352 0.6546025725463394 0.4379749554895239 0.6517769143520524 0.4349448080567459 0.6439691735159658 0.4346721557387575
0 0.4601464484704433 0.4380245023111411 0.4550962027491464 0.4427339326349527 0.4548917135106552 0.4485897382620177 0.4577173717049421 0.45161988569479583 0.4665351616852882 0.4509506519480217 0.47057535826232566 0.44718310768897246 0.46882791229179527 0.4412591389824104 0.4601464484704433 0.4380245023111411
0 0.45733318732435313 0.4066572128078002 0.4540985506530838 0.4153386766291522 0.4588079809768953 0.42038892235044906 0.46372190053919793 0.41958336244468086 0.4678984232752296 0.4119119477675883 0.46318899295141813 0.40686170204629146 0.45733318732435313 0.4066572128078002
0 0.5206068517573283 0.5534861260578015 0.5127991109212415 0.5532134737398131 0.5077488651999447 0.5579229040636247 0.5074080498024593 0.5676825801087331 0.5121174801262709 0.5727328258300298 0.520935270106617 0.5720635920832559 0.5249754666836544 0.5682960478242066 0.5253162820811397 0.5585363717790983 0.5206068517573283 0.5534861260578015
0 0.4635731773320071 0.451824374933287 0.45852293161071034 0.45653380525709847 0.4602022145017436 0.4644097091726822 0.469961890546852 0.4647505245701676 0.4740020871238896 0.4609829803111184 0.47225464115335897 0.4550590116045563 0.4635731773320071 0.451824374933287
0 0.48796308000142286 0.39697809689038566 0.49078873819570984 0.4000082443231638 0.49765459296703424 0.3992708474968927 0.4998791804940441 0.3915312697403031 0.4931496518817139 0.38836479614853087 0.48796308000142286 0.39697809689038566
0 0.6473029452016391 0.5070982477110506 0.6422526994803422 0.5118076780348622 0.6419118840828568 0.5215673540799706 0.6466894774861655 0.5246656645922456 0.6555072674665114 0.5239964308454717 0.659547464043549 0.5202288865864224 0.6579363442320127 0.510401047461817 0.6473029452016391 0.5070982477110506
0 0.5695663522382576 0.49461204848605933 0.5637105466111926 0.4944075592475681 0.5586603008898957 0.4991169895713797 0.5583194854924104 0.508876665616488 0.5680109984580216 0.511169416222995 0.5740031302440809 0.5074700350434429 0.5742757825620691 0.49966229420735625 0.5695663522382576 0.49461204848605933
1 0.839162694418133 0.4414884636884647 0.7629008951072935 0.4427339740061223 0.7598707476745155 0.4455596322004092 0.7893418680001351 0.469063414836363 0.7942557875624378 0.46825785493059485 0.867555602519996 0.4678860675982025 0.8764415555798392 0.4652648986424069 0.839162694418133 0.4414884636884647
1 0.8793353768536232 0.46634311086616337 0.7972177719157189 0.4673841319453297 0.7941876244829407 0.4702097901396166 0.8274262890676095 0.49775376935260784 0.8674750423923024 0.4981751448777871 0.9251593756776872 0.49725805290941816 0.9262375879014437 0.49436423163563425 0.8793353768536232 0.46634311086616337
1 0.8047094914507136 0.4207421761673008 0.742111238603026 0.4224648280414377 0.736323596055458 0.42030840359392496 0.7274376429956149 0.4229295725497206 0.7531412190621852 0.4423931586086369 0.7599389107540125 0.4436076969913875 0.8273829200845058 0.44303142042050403 0.8343169379353272 0.44034208838521127 0.8047094914507136 0.4207421761673008