0 0.427734375 0.7119140625 0.427734375 0.7001953125 0.4208984375 0.693359375 0.4091796875 0.693359375 0.40234375 0.7001953125 0.40234375 0.7119140625 0.4091796875 0.720703125 0.419921875 0.7197265625 0.427734375 0.7119140625
0 0.728515625 0.6025390625 0.7265625 0.5927734375 0.7177734375 0.587890625 0.7099609375 0.58984375 0.705078125 0.5966796875 0.70703125 0.6064453125 0.7138671875 0.611328125 0.720703125 0.6103515625 0.728515625 0.6025390625
0 0.806640625 0.5595703125 0.806640625 0.5498046875 0.8017578125 0.544921875 0.7919921875 0.544921875 0.787109375 0.5498046875 0.7890625 0.5615234375 0.7939453125 0.564453125 0.802734375 0.5634765625 0.806640625 0.5595703125
0 0.7578125 0.5439453125 0.7578125 0.5361328125 0.7529296875 0.53125 0.7451171875 0.53125 0.73828125 0.5380859375 0.73828125 0.5439453125 0.7451171875 0.55078125 0.75390625 0.5498046875 0.7578125 0.5439453125
0 0.759765625 0.6650390625 0.759765625 0.6552734375 0.7568359375 0.650390625 0.7451171875 0.646484375 0.736328125 0.6513671875 0.734375 0.6630859375 0.7431640625 0.671875 0.751953125 0.6708984375 0.759765625 0.6650390625
0 0.89453125 0.6904296875 0.89453125 0.6787109375 0.8876953125 0.671875 0.8779296875 0.669921875 0.8671875 0.6787109375 0.8671875 0.6884765625 0.8759765625 0.697265625 0.888671875 0.6962890625 0.89453125 0.6904296875
0 0.68359375 0.7568359375 0.68359375 0.7451171875 0.6748046875 0.736328125 0.6650390625 0.736328125 0.65625 0.7451171875 0.65625 0.7568359375 0.6650390625 0.767578125 0.67578125 0.7666015625 0.68359375 0.7568359375
0 0.6015625 0.5927734375 0.6015625 0.5830078125 0.5966796875 0.578125 0.5869140625 0.578125 0.58203125 0.5849609375 0.58203125 0.5927734375 0.5888671875 0.599609375 0.595703125 0.5986328125 0.6015625 0.5927734375
0 0.591796875 0.5263671875 0.591796875 0.5166015625 0.5869140625 0.51171875 0.5810546875 0.51171875 0.57421875 0.5224609375 0.5810546875 0.53125 0.5859375 0.5302734375 0.591796875 0.5263671875
0 0.642578125 0.4970703125 0.642578125 0.4892578125 0.6396484375 0.486328125 0.6318359375 0.486328125 0.626953125 0.4912109375 0.626953125 0.4970703125 0.6318359375 0.501953125 0.638671875 0.5009765625 0.642578125 0.4970703125
0 0.484375 0.5458984375 0.486328125 0.5400390625 0.4794921875 0.53125 0.4716796875 0.53125 0.46484375 0.5380859375 0.466796875 0.5478515625 0.4716796875 0.55078125 0.478515625 0.5498046875 0.484375 0.5458984375