5 0.34440665579191737 0.7633704673541918 0.34656012598144703 0.7211132674694507 0.33853185459274204 0.6677612232894946 0.3079842819686839 0.6607116579282676 0.2877369815303556 0.6045397876038209 0.25889458344874333 0.5075169766230037 0.2586716095698786 0.4705414699933708 0.26919485563447326 0.4583946716597841 0.263538332535454 0.45223086927355366 0.2246162882576222 0.46754083741000596 0.2381919436952684 0.4823339631369588 0.24203415320176372 0.533748290303546 0.23750423894383968 0.5812871834433955 0.22154979154844487 0.5980107184959678 0.23093938510388134 0.610866127209552 0.23500926426795005 0.6467860259569381 0.21464108533277218 0.6770662724153426 0.2141857460176255 0.7080551292537444 0.21622068559965985 0.7260150786274375 0.22334766991548863 0.7364049663865294 0.22820734921300112 0.796799268239963 0.24766719740723986 0.8022617679339454 0.28534410223648116 0.7934662535298476 0.34440665579191737 0.7633704673541918
5 0.18713653052434834 0.8018965012123227 0.1784299459416319 0.7425578072411357 0.18997300968659803 0.7131560160699787 0.2093213709414044 0.7001307624491445 0.20683578782293194 0.6606897348650196 0.19846366405851265 0.656814300838282 0.19371547170043252 0.6149077522996648 0.13941284994984787 0.5557352493918533 0.13262971800973342 0.4958687514795429 0.13896690219211838 0.4817842361325875 0.09868823152626378 0.4851209046865777 0.09280403876967115 0.4944515307195482 0.10343877177369816 0.5007924857007778 0.110333390653245 0.5791467369279046 0.08860388955133568 0.6499236188526809 0.09007200287879094 0.6803846717499594 0.0680080409585845 0.6956982937302864 0.08089599164480198 0.8094446397636759 0.09334034246264425 0.8230050050133826 0.13124256906010462 0.8249500297145008 0.1801210331479519 0.8099943667680471 0.18713653052434834 0.8018965012123227
5 0.5455817310210346 0.6572416829057741 0.5357461897078686 0.5704352609329243 0.5252252915326283 0.5563470917420941 0.5041811472927933 0.5544057208848505 0.46345887675856345 0.4575564086551581 0.45226201327866594 0.41124662214867996 0.4678773040770551 0.39152976220049207 0.4314455386964043 0.39381082287223557 0.427145641985408 0.39962032006846726 0.4404959756548351 0.40367290669020417 0.44909342118747353 0.4182888798221577 0.42056670080932385 0.5866090689811252 0.40121833955451747 0.5996343226019593 0.39759675603753264 0.611430469589422 0.4060756709626757 0.6862635919798098 0.4498620903167286 0.6788779906479574 0.4637769023513804 0.6966644412705258 0.4876504820854022 0.688570229558676 0.5455817310210346 0.6572416829057741
5 0.9975837104750801 0.6381476268394511 0.9996233458358229 0.6036376411643104 0.99351852708972 0.5497577930432311 0.983675942108491 0.5416562736436319 0.9660257117280676 0.5434131842181268 0.9600300320320426 0.5342560569362808 0.91863414408251 0.37895015986652353 0.9213520926372643 0.35042682398261377 0.9296127294622514 0.33581450469453494 0.8992904786064123 0.33950547843852374 0.8949905818954159 0.3453149756347555 0.9040410188538467 0.35517705945272404 0.9090168808695 0.38158917957214034 0.8991672522202084 0.4521925627457919 0.8832128048248137 0.46891609779836424 0.8936198681712674 0.49075148119879486 0.8928253722591147 0.5187470131415812 0.8620454341987747 0.5796618112483888 0.8679272790660129 0.5965661527398353 0.8691677227358948 0.6425216340563147 0.8913408237061794 0.6719307329152211 0.9547009260832576 0.6622604170677506 0.9975837104750801 0.6381476268394511
5 0.4837249603117261 0.3038485387842695 0.47807548088076984 0.2189798338247884 0.4724189577817506 0.21281603143855804 0.45126097871312887 0.21862187479091502 0.44571829044289635 0.2047108581950842 0.44322801154571534 0.217739765659793 0.43168729569010356 0.22090658930653317 0.4238819981802633 0.2045300517562102 0.4311134257674616 0.3121125954033693 0.44061685415168467 0.317220789907353 0.478293758980926 0.3084252755032551 0.4837249603117261 0.3038485387842695
5 0.22157327044198794 0.33566104325179863 0.20313323992812066 0.31294355072024604 0.19815737791246718 0.2865314306008297 0.19125571536485741 0.2868820819469538 0.19125336747550312 0.3131170494713707 0.1780121728561541 0.35378718368886714 0.18083691257163226 0.3962215361686076 0.18649343567065146 0.4023853385548381 0.227678089188091 0.3895408913728779 0.22157327044198794 0.33566104325179863
5 0.1791411295866036 0.38125491169053005 0.17857899911073316 0.34128608016528167 0.17620490293169308 0.32033280589597307 0.16432737836842987 0.29427133712268083 0.160589612133304 0.3400496658441609 0.1494995398141303 0.3646975677013331 0.14927187015655694 0.38019199612053395 0.15368325380698564 0.39287025223911876 0.17020217956760525 0.38988058118737795 0.1791411295866036 0.38125491169053005
5 0.5942630480129145 0.3167258705611017 0.5879305596092382 0.2783404508592233 0.5727706081259958 0.26706845396900936 0.570282677118169 0.25386239390930115 0.5584028046655516 0.25403589266042587 0.5465205843235796 0.2804443589359675 0.5468550451418768 0.3359076188804168 0.5621288314539058 0.3394324015610304 0.5917727691157335 0.32975477802581044 0.5942630480129145 0.3167258705611017
5 0.6639626824617321 0.26673607184225867 0.6495972268906421 0.2274685430092583 0.6465448175175906 0.20052861894871868 0.636363075939356 0.189433774653504 0.6303627004646225 0.23274658242049195 0.6199509413394602 0.2633811340688951 0.6227756810549384 0.30581548654863566 0.6654307957891875 0.2971971247395372 0.6639626824617321 0.26673607184225867
2 0.3441168048713521 0.20944282444582116 0.359606521394183 0.3286480163293183 0.36300043525359454 0.33234629776105656 0.37261769846660436 0.32970727805543976 0.3749941425349987 0.3244255848003314 0.3645964707459623 0.19765033130223306 0.3453619443199426 0.20292837071346673 0.3441168048713521 0.20944282444582116
2 0.5145002025933576 0.2954036757262956 0.5178941164527692 0.2991019571580339 0.5236644743805751 0.2975185453346638 0.5260409184489695 0.29223685207955546 0.5214089088090302 0.21634812180692092 0.5173390296449616 0.1804282230595348 0.512927645994533 0.16774996694095 0.5102120453291328 0.17003833530044282 0.5064766269833613 0.189581696497506 0.5076055837138108 0.21704942449916895 0.5145002025933576 0.2954036757262956
0 0.22334297413678003 0.7888749014353632 0.2260609226915344 0.7603515655514537 0.2240259831095001 0.7423916161777605 0.20954669270962342 0.7108713015543606 0.1852201215498093 0.7237194025801954 0.17786311968705282 0.7550589107647212 0.18838166997293884 0.7953820474799684 0.1982242549541678 0.8034835668795675 0.21089627542958342 0.8015495037100734 0.22334297413678003 0.7888749014353632