5 0.255859375 0.7310001725652611 0.3173828125 0.7173224146586346 0.32421875 0.676289140938755 0.322265625 0.621578109312249 0.29296875 0.6063806005271084 0.279296875 0.5455905653865462 0.26171875 0.44224750564759036 0.265625 0.405773484563253 0.27734375 0.3966549792921687 0.2724609375 0.3890562248995984 0.232421875 0.3936154775351406 0.244140625 0.41185248807730923 0.2421875 0.46352401794678716 0.232421875 0.5091165443022089 0.21484375 0.5212745513303213 0.22265625 0.5364720601154619 0.22265625 0.5729460811997992 0.19921875 0.5972620952560241 0.1953125 0.6276571128263052 0.1953125 0.6458941233684738 0.201171875 0.6580521303965864 0.19921875 0.7188421655371486 0.2177734375 0.729480421686747
5 0.150390625 0.7188421655371486 0.158203125 0.7127631620230924 0.15625 0.6519731268825302 0.1708984375 0.6261373619477911 0.19140625 0.6185386075552208 0.193359375 0.5790250847138554 0.185546875 0.5729460811997992 0.185546875 0.5303930566014057 0.138671875 0.45744501443273095 0.138671875 0.3966549792921687 0.146484375 0.3844969722640562 0.1064453125 0.3768982178714859 0.099609375 0.3844969722640562 0.109375 0.3936154775351406 0.107421875 0.4726425232178715 0.078125 0.5364720601154619 0.076171875 0.566867077685743 0.052734375 0.5759855829568273 0.052734375 0.6914866497238956 0.0634765625 0.7082039093875502 0.1005859375 0.7203619164156626
5 0.466796875 0.6823681444528112 0.52734375 0.6671706356676707 0.52734375 0.5790250847138554 0.5185546875 0.5623078250502008 0.498046875 0.5547090706576305 0.46875 0.44832650916164657 0.462890625 0.3996944810491968 0.48046875 0.3844969722640562 0.4443359375 0.3768982178714859 0.439453125 0.3814574705070281 0.4521484375 0.3890562248995984 0.458984375 0.405773484563253 0.412109375 0.5638275759287149 0.3916015625 0.5714263303212851 0.38671875 0.5820645864708835 0.38671875 0.6580521303965864 0.4306640625 0.6626113830321285 0.4423828125 0.6838878953313253
5 0.9296875 0.7826717024347389 0.974609375 0.7705136954066265 0.98046875 0.7370791760793173 0.98046875 0.6823681444528112 0.9716796875 0.6717298883032129 0.9541015625 0.6686903865461847 0.94921875 0.6580521303965864 0.92578125 0.4939190355170683 0.931640625 0.46656351970381527 0.94140625 0.45440551267570284 0.9111328125 0.44984626004016065 0.90625 0.45440551267570284 0.9140625 0.46656351970381527 0.916015625 0.4939190355170683 0.8984375 0.5607880741716867 0.880859375 0.5729460811997992 0.888671875 0.5972620952560241 0.884765625 0.6246176110692772 0.84765625 0.676289140938755 0.8515625 0.6945261514809237 0.84765625 0.7401186778363453 0.8662109375 0.7750729480421686
5 0.5 0.3054699265813253 0.505859375 0.30243042482429716 0.509765625 0.21732437562751003 0.5048828125 0.20972562123493976 0.4833984375 0.20972562123493976 0.4794921875 0.1945281124497992 0.4755859375 0.20668611947791166 0.4638671875 0.20668611947791166 0.4580078125 0.18844910893574296 0.453125 0.29635142131024095 0.4619140625 0.30395017570281124
5 0.244140625 0.31762793360943775 0.244140625 0.2629169019829317 0.228515625 0.23556138616967873 0.2265625 0.2082058703564257 0.2197265625 0.20668611947791166 0.216796875 0.2325218844126506 0.19921875 0.26899590549698793 0.197265625 0.31154893009538154 0.2021484375 0.31914768448795183
5 0.1875 0.30243042482429716 0.197265625 0.29635142131024095 0.201171875 0.2568378984688755 0.201171875 0.23556138616967873 0.1923828125 0.20668611947791166 0.18359375 0.2507588949548193 0.169921875 0.27203540725401604 0.16796875 0.2872329160391566 0.1708984375 0.30091067394578314
5 0.609375 0.3571414564508032 0.61328125 0.34498344942269077 0.611328125 0.3054699265813253 0.59765625 0.29027241779618473 0.5966796875 0.2765946598895582 0.5849609375 0.2735551581325301 0.5703125 0.29635142131024095 0.564453125 0.351062452936747 0.5791015625 0.3586612073293173
5 0.685546875 0.34498344942269077 0.6875 0.31458843185240964 0.677734375 0.27203540725401604 0.677734375 0.24467989144076305 0.6689453125 0.23100213353413654 0.658203125 0.27203540725401604 0.64453125 0.29939092306726905 0.642578125 0.34194394766566266
2 0.380859375 0.16565284575803213 0.37890625 0.17173184927208834 0.380859375 0.29331191955321284 0.3837890625 0.29787117218875503 0.3935546875 0.29787117218875503 0.396484375 0.29331191955321284 0.400390625 0.16565284575803213
2 0.5390625 0.22340337914156627 0.537109375 0.30243042482429716 0.5400390625 0.30698967745983935 0.5458984375 0.30698967745983935 0.548828125 0.30243042482429716 0.552734375 0.22644288089859438 0.552734375 0.18996885981425704 0.5498046875 0.17629110190763053 0.546875 0.17781085278614459 0.541015625 0.19604786332831325
0 0.181640625 0.7188421655371486 0.1953125 0.7097236602660643 0.201171875 0.6823681444528112 0.201171875 0.6641311339106426 0.1904296875 0.6291768637048193 0.1650390625 0.6352558672188755 0.154296875 0.6641311339106426 0.16015625 0.7066841585090361 0.1689453125 0.7173224146586346