5 0.33298031341598716 0.7458382005980135 0.3370226813450412 0.7039177108777886 0.3314054269813966 0.6498241064548038 0.30124825755393103 0.639475567929352 0.28356813541930015 0.5812425480961865 0.2591449619634121 0.4813250424812967 0.26057992725935886 0.4444154010052762 0.27162200925624685 0.433440561173583 0.26625555242696985 0.42667771967204976 0.22674206383293055 0.43772514242372224 0.23962156022319533 0.4539559620274021 0.241149806278238 0.5056621442975351 0.2345000357160767 0.5525934822619645 0.21783483414333482 0.5675443164853171 0.22662532222499768 0.581387713936145 0.22907520808283327 0.6176619265166426 0.20739935839869644 0.6456573082767787 0.2055560787931105 0.6765212476560497 0.2067810217220283 0.6946583539462985 0.21342492707198032 0.7057966147965132 0.2155656445914819 0.7665713502117706 0.23473323761381662 0.7741330416273483 0.272712614940604 0.7694490354201867 0.33298031341598716 0.7458382005980135
5 0.17436639316712832 0.7671976515180121 0.1683408244938444 0.7070583449982777 0.1811736805045612 0.6789812527288808 0.2010587561748693 0.6680881234064482 0.2003471387391052 0.6284733453298144 0.19216912212190124 0.6236985010241108 0.18931092195442636 0.5813785863468636 0.1377929363933673 0.516455307932144 0.13370979329697455 0.4559982869646481 0.14066286698526065 0.4426360249801031 0.1003327497719428 0.4415920435382764 0.09404465313987283 0.4502611717263786 0.10436925248878756 0.45774115263269555 0.10773491293720697 0.5366529943382017 0.08288582953505186 0.6048985830704946 0.0829849755063571 0.6354448080020041 0.06028834004812207 0.6483259345202662 0.06804631193126823 0.7631942743585085 0.07985251695567759 0.7780725256618818 0.11757523153588821 0.7841273553479127 0.16700500516920289 0.7745142114058077 0.17436639316712832 0.7671976515180121
5 0.5384224698772628 0.6618068551654702 0.5325019123874933 0.5741441747626012 0.5226381329399751 0.5589482090114664 0.5017322714955688 0.554727083092025 0.4654503874235142 0.45369301311532934 0.4563565962157266 0.4062805396846171 0.47281764063364884 0.38830685441288976 0.4363723745741134 0.38662744407554017 0.4318225463641149 0.39195600676750614 0.4449587055009565 0.3974479904779934 0.45288005937158354 0.41296167067688966 0.41687801757681675 0.5777750719386545 0.3969929419065087 0.5886682012610871 0.3928514280061496 0.6000424660498025 0.39795535687664046 0.6756137422591725 0.441966168088921 0.6729994437571013 0.45504982163400537 0.6922531144091559 0.47922806276773505 0.68677025828795 0.5384224698772628 0.6618068551654702
5 0.9901792702492058 0.691827182272834 0.9937608182768631 0.6576226773974269 0.9900859894901096 0.6032113585266805 0.9806305243522309 0.5940610948722953 0.9629445370053906 0.5938976738537739 0.9573739230212942 0.5841119813038659 0.9230403297383399 0.4246905980647647 0.9270301920756367 0.39653179528610705 0.9359256913408139 0.3828518188538005 0.9055118591667716 0.3832421162215412 0.9009620309567731 0.3885706789135072 0.9095483618836162 0.3993912253159604 0.9133282018538842 0.42627917030357215 0.9003378290678956 0.4956413233976709 0.8836726274951536 0.5105921576210235 0.8930755870412755 0.5335041082169759 0.8910281502808699 0.561345196547872 0.8575927359518717 0.6187702388777117 0.8627025300345718 0.6362719162724374 0.8618800362030841 0.6822501108935823 0.8826808864639758 0.7139946106961584 0.9463201105999877 0.7112260187648473 0.9901792702492058 0.691827182272834
5 0.49255692995310374 0.3025595882858711 0.4907253807719362 0.21728433003585385 0.4853589239426592 0.21052148853432054 0.4639922425968565 0.21401634745969683 0.459086605668976 0.19953752111334577 0.4560183831344722 0.21226435420236797 0.44436382967312527 0.21417064088893686 0.43731161001353397 0.1969866779419725 0.4397031250674032 0.3050921762786814 0.4489544330504625 0.3112195888846917 0.4869338103772499 0.3065355826775303 0.49255692995310374 0.3025595882858711
5 0.22961785963703318 0.30583626065703723 0.2122410406285272 0.2811723168037559 0.20846120065825932 0.25428437181614416 0.20156063256173043 0.253884946859122 0.2003823300123606 0.2800557524419499 0.1853503856781758 0.3191893950523009 0.18626616026875956 0.36182702417730944 0.1916326170980365 0.3685898656788428 0.23329268842378664 0.3602475795277835 0.22961785963703318 0.30583626065703723
5 0.18524537449466139 0.34671276893543546 0.18647618263578844 0.3067802764110403 0.18504708255205096 0.2856203190724167 0.17436667448525422 0.25833294912778276 0.1685860381341287 0.30359400434414396 0.1564181591796281 0.3269779628170979 0.1554965193768351 0.3424099325067333 0.15932886493886017 0.35553619055277763 0.17594156091984484 0.3543470432709925 0.18524537449466139 0.34671276893543546
5 0.6022485368495923 0.3274052083362367 0.597652068260046 0.28842585915512586 0.5830343034477097 0.27553560504758223 0.5811443834625758 0.2620916325537764 0.5692856728464092 0.26097506819197047 0.5562486596808727 0.2860293094129926 0.5540962117369527 0.34139377162702333 0.5691747964506855 0.3465680408897492 0.5991803143150886 0.3401320414252589 0.6022485368495923 0.3274052083362367
5 0.67401913722326 0.28510354883755246 0.6614488091713292 0.24437220639911275 0.6596113947779525 0.2171665469637396 0.649951772485254 0.20499343226097966 0.6420245534024177 0.24754935087672755 0.6302649887575563 0.27697901144643106 0.6311807633481401 0.3196166405714397 0.6741182831945653 0.3156497737690619 0.67401913722326 0.28510354883755246
2 0.357520509797934 0.19322843231025116 0.36762922156761063 0.3138247597974814 0.3708490956651768 0.3178824646984014 0.38056122354963257 0.316293892459594 0.38316862618273995 0.3112830442153896 0.37847887683409753 0.18368787128812522 0.359054621065186 0.18686501576574002 0.357520509797934 0.19322843231025116
2 0.5236357391833623 0.29747615712168735 0.5268556132809284 0.3015338620226073 0.532682890011602 0.3005807186793229 0.5352902926447092 0.29556987043511845 0.5340712149280007 0.21936316533022565 0.531621329070165 0.18308895274972808 0.5277889835081399 0.16996269470368372 0.5249774237202129 0.17195069189951334 0.5203750899184573 0.19104094153304652 0.5202700787349429 0.21856431541618118 0.5236357391833623 0.29747615712168735
0 0.21106832197324069 0.7581382259621692 0.21505818431053744 0.7299794231835115 0.2138332413816196 0.7118423168932628 0.20080209342829242 0.6788269592996408 0.17595887523834658 0.6890029492172896 0.16721502753623183 0.7194674636395383 0.17590050443438016 0.760834234973501 0.1853559695722591 0.7699844986278861 0.19808381439946146 0.7694307802416238 0.21106832197324069 0.7581382259621692