5 0.189453125 0.9600694444444444 0.2568359375 0.9479166666666666 0.2802734375 0.9270833333333334 0.2890625 0.9079861111111112 0.28515625 0.8246527777777778 0.2783203125 0.8159722222222222 0.2685546875 0.8159722222222222 0.265625 0.8072916666666666 0.267578125 0.7899305555555556 0.25 0.7760416666666666 0.248046875 0.7274305555555556 0.23828125 0.7065972222222222 0.224609375 0.640625 0.224609375 0.6267361111111112 0.2197265625 0.6284722222222222 0.216796875 0.6232638888888888 0.2177734375 0.6111111111111112 0.2216796875 0.6111111111111112 0.2236328125 0.6180555555555556 0.2275390625 0.6006944444444444 0.23828125 0.5954861111111112 0.2353515625 0.5868055555555556 0.2060546875 0.5868055555555556 0.197265625 0.5989583333333334 0.20703125 0.609375 0.20703125 0.6649305555555556 0.1953125 0.7274305555555556 0.189453125 0.8003472222222222 0.1845703125 0.8159722222222222 0.1630859375 0.8333333333333334 0.158203125 0.8454861111111112 0.162109375 0.9392361111111112 0.1767578125 0.9583333333333334
5 0.193359375 0.734375 0.20703125 0.6545138888888888 0.205078125 0.6128472222222222 0.19921875 0.5989583333333334 0.205078125 0.5850694444444444 0.205078125 0.5711805555555556 0.19140625 0.5190972222222222 0.1962890625 0.5069444444444444 0.2041015625 0.5034722222222222 0.205078125 0.4982638888888889 0.1962890625 0.4930555555555556 0.1787109375 0.4965277777777778 0.17578125 0.5017361111111112 0.1884765625 0.5104166666666666 0.189453125 0.5260416666666666 0.177734375 0.5815972222222222 0.173828125 0.6371527777777778 0.1689453125 0.6493055555555556 0.15234375 0.6614583333333334 0.154296875 0.7239583333333334 0.1572265625 0.7291666666666666
5 0.2890625 0.7413194444444444 0.3037109375 0.7361111111111112 0.31640625 0.7100694444444444 0.31640625 0.6857638888888888 0.3203125 0.671875 0.3076171875 0.6423611111111112 0.3017578125 0.6423611111111112 0.294921875 0.6302083333333334 0.294921875 0.5920138888888888 0.2890625 0.5850694444444444 0.28125 0.5434027777777778 0.2734375 0.5225694444444444 0.2744140625 0.5138888888888888 0.2880859375 0.5069444444444444 0.2890625 0.5017361111111112 0.2841796875 0.4965277777777778 0.2607421875 0.5 0.2578125 0.5052083333333334 0.26953125 0.5190972222222222 0.26953125 0.5329861111111112 0.2578125 0.5885416666666666 0.255859375 0.6232638888888888 0.25 0.6510416666666666 0.2373046875 0.65625 0.232421875 0.6649305555555556 0.232421875 0.6753472222222222 0.23828125 0.703125 0.248046875 0.7170138888888888 0.2529296875 0.7395833333333334
5 0.693359375 0.7413194444444444 0.705078125 0.7170138888888888 0.70703125 0.6927083333333334 0.712890625 0.6788194444444444 0.712890625 0.6579861111111112 0.7099609375 0.6493055555555556 0.7021484375 0.6493055555555556 0.69921875 0.6440972222222222 0.6796875 0.5642361111111112 0.6796875 0.5225694444444444 0.68359375 0.515625 0.68359375 0.5052083333333334 0.6884765625 0.5034722222222222 0.69140625 0.4947916666666667 0.6865234375 0.4895833333333333 0.6630859375 0.4895833333333333 0.6494140625 0.5 0.6357421875 0.5 0.6357421875 0.5069444444444444 0.6591796875 0.5069444444444444 0.66796875 0.5260416666666666 0.66796875 0.5364583333333334 0.666015625 0.5572916666666666 0.64453125 0.5954861111111112 0.638671875 0.6267361111111112 0.62890625 0.6510416666666666 0.623046875 0.7135416666666666 0.6279296875 0.7222222222222222 0.6669921875 0.7395833333333334
5 0.748046875 0.6822916666666666 0.751953125 0.6302083333333334 0.7470703125 0.6180555555555556 0.7353515625 0.6145833333333334 0.732421875 0.6059027777777778 0.71875 0.5225694444444444 0.71875 0.484375 0.72265625 0.4774305555555556 0.7021484375 0.4756944444444444 0.7119140625 0.4826388888888889 0.712890625 0.4947916666666667 0.701171875 0.5434027777777778 0.69921875 0.5815972222222222 0.693359375 0.6059027777777778 0.6953125 0.6336805555555556 0.7060546875 0.6527777777777778 0.7119140625 0.6527777777777778 0.7314453125 0.6354166666666666 0.7421875 0.6545138888888888 0.74609375 0.6753472222222222 0.744140625 0.6822916666666666
0 0.73828125 0.6996527777777778 0.74609375 0.6753472222222222 0.7421875 0.6545138888888888 0.7294921875 0.6388888888888888 0.7177734375 0.6458333333333334 0.712890625 0.6545138888888888 0.71484375 0.6892361111111112 0.7216796875 0.7013888888888888
5 0.94921875 0.7621527777777778 0.955078125 0.7517361111111112 0.95703125 0.7100694444444444 0.923828125 0.5711805555555556 0.92578125 0.5329861111111112 0.931640625 0.5190972222222222 0.931640625 0.5052083333333334 0.9267578125 0.5 0.9013671875 0.4965277777777778 0.8984375 0.5052083333333334 0.904296875 0.5190972222222222 0.90234375 0.578125 0.876953125 0.6545138888888888 0.8720703125 0.6631944444444444 0.8642578125 0.6666666666666666 0.861328125 0.6753472222222222 0.865234375 0.703125 0.861328125 0.734375 0.8701171875 0.7534722222222222 0.9111328125 0.7569444444444444 0.9287109375 0.7638888888888888
5 0.2890625 0.453125 0.3037109375 0.4513888888888889 0.306640625 0.4461805555555556 0.3046875 0.4253472222222222 0.2939453125 0.3958333333333333 0.2880859375 0.3958333333333333 0.283203125 0.4045138888888889 0.27734375 0.4288194444444444 0.27734375 0.4496527777777778 0.2802734375 0.4548611111111111
5 0.38671875 0.4496527777777778 0.388671875 0.4392361111111111 0.37890625 0.4010416666666667 0.37890625 0.3767361111111111 0.3662109375 0.375 0.365234375 0.3836805555555556 0.369140625 0.390625 0.357421875 0.4322916666666667 0.359375 0.4496527777777778
5 0.34375 0.4288194444444444 0.349609375 0.421875 0.349609375 0.3663194444444444 0.3447265625 0.3611111111111111 0.3212890625 0.3611111111111111 0.318359375 0.3663194444444444 0.3203125 0.4253472222222222 0.3251953125 0.4305555555555556
2 0.388671875 0.4184027777777778 0.390625 0.4149305555555556 0.390625 0.4045138888888889 0.388671875 0.4010416666666667 0.388671875 0.3420138888888889 0.38671875 0.3385416666666667 0.3857421875 0.3333333333333333 0.3818359375 0.3333333333333333 0.380859375 0.3350694444444444 0.380859375 0.3454861111111111 0.37890625 0.3489583333333333 0.380859375 0.3524305555555556 0.380859375 0.4079861111111111 0.3828125 0.4114583333333333 0.3828125 0.4149305555555556 0.3857421875 0.4201388888888889
3 0.80078125 0.5538194444444444 0.802734375 0.5434027777777778 0.796875 0.5329861111111112 0.796875 0.5121527777777778 0.8046875 0.4704861111111111 0.806640625 0.421875 0.8154296875 0.4166666666666667 0.8203125 0.4010416666666667 0.8203125 0.3003472222222222 0.8095703125 0.28125 0.798828125 0.2725694444444444 0.798828125 0.24131944444444445 0.7880859375 0.2326388888888889 0.78125 0.24131944444444445 0.783203125 0.2829861111111111 0.771484375 0.3072916666666667 0.76953125 0.3350694444444444 0.765625 0.3420138888888889 0.765625 0.359375 0.7578125 0.3940972222222222 0.759765625 0.4739583333333333 0.755859375 0.5225694444444444 0.73828125 0.5503472222222222 0.7626953125 0.5520833333333334 0.765625 0.546875 0.763671875 0.5295138888888888 0.771484375 0.484375 0.7841796875 0.4513888888888889 0.7890625 0.4739583333333333 0.78515625 0.5503472222222222 0.7900390625 0.5555555555555556